U;D;P;E;NM
30;8;-12.530996363428;9.108132822756;12.234890941869
39;8;-8.379711375515;9.376858479049;13.333514857912
31;8;-12.067318312184;9.150063824138;12.377571957802
27;9;-13.916200399516;9.015906782568;11.808382834083
36;4;-9.769080047574;9.044712607933;12.886667666530
19;9;-17.573938780052;8.380366803408;10.423096341092
32;4;-11.626531008651;8.772140623139;12.339512494006
29;6;-13.004704700378;8.902890820412;12.018189049999
37;7;-9.296677000119;9.308963987437;13.109257360786
36;4;-9.769080047574;9.044712607933;12.886667666530
40;7;-7.926173968418;9.377324919769;13.418988820345
36;6;-9.759189307989;9.239803330368;12.974532685960
44;2;-6.166211118299;8.878525556342;13.478901623263
22;8;-16.225895713046;8.567224691391;10.919055566131
19;8;-17.591283597268;8.203877001564;10.370213456745
34;9;-10.675840443033;9.281036335233;12.792393020682
34;4;-10.695849885168;8.922651411155;12.624886291085
35;6;-10.220781688736;9.204823586777;12.854231071303
18;6;-18.090805671900;7.412188036760;10.068442216285
16;3;-19.270670612843;3.837215250778;9.423128427486
22;8;-16.225895713046;8.567224691391;10.919055566131
44;5;-6.141193430068;9.398955598940;13.740196301346
25;9;-14.839225032576;8.902535810518;11.483208402916
20;6;-17.173781560751;7.849433450817;10.437631659882
25;8;-14.846045502400;8.824156217039;11.445642328483
21;3;-16.856824002942;5.862712447537;10.188213278493
39;8;-8.379711375515;9.376858479049;13.333514857912
38;7;-8.837983705827;9.333847711544;13.217414954617
16;5;-19.053297175973;6.182291820126;9.650986800049
29;8;-12.994674234414;9.061998100033;12.087017916608
21;4;-16.777866032126;7.001983257762;10.410697591413
32;7;-11.606830138618;9.142973636542;12.491133519331
15;8;-19.371758769861;7.435439164366;9.674351489612
37;9;-9.293536615383;9.353042467792;13.138554040972
25;5;-14.876999455473;8.323096581174;11.282375524861
39;4;-8.389723095884;9.186570766443;13.236406538571
44;9;-6.137391115610;9.464487034488;13.781243427984
38;7;-8.837983705827;9.333847711544;13.217414954617
37;7;-9.296677000119;9.308963987437;13.109257360786
18;7;-18.063861751303;7.781290054569;10.132197676766
44;4;-6.143761055221;9.345928785320;13.712680597439
40;5;-7.929923286410;9.306943667575;13.381625268463
34;8;-10.677958083903;9.254727807586;12.774298065659
29;3;-13.058534996005;7.902716646677;11.674778040732
28;8;-13.458187795418;9.011159235258;11.934019259428
21;7;-16.696595776067;8.282102330919;10.686110748139
38;5;-8.842697743969;9.245924416577;13.172665764710
22;5;-16.273015040822;7.844764349244;10.729181508197
40;8;-7.925000881432;9.395469985376;13.430745537815
28;2;-13.620624591049;6.279697586541;11.041064227202
