U;D;P;E;NM
2;1;-5.059170481572;13.073136554615;10.270557495664
3;1;-5.049404783600;13.071581482248;10.272073260724
3;2;-4.439644315438;13.292475837234;10.481458048251
4;1;-5.037515596649;13.069891162005;10.273965223615
4;2;-4.430213029969;13.284278845141;10.487551422290
4;3;-4.024467870200;13.717441324535;10.925881583482
5;1;-5.023520248552;13.067995837034;10.276259742626
5;2;-4.418191903626;13.275392463807;10.495512349359
5;3;-4.015714788120;13.689241052046;10.940580458892
5;4;-3.754950236443;14.226546220651;11.546796539878
6;1;-5.007140371113;13.065819593724;10.279040820597
6;2;-4.403558636997;13.265448089485;10.505505297779
6;3;-4.004157262425;13.658545557614;10.960448211526
6;4;-3.747071491344;14.157445659257;11.571380918050
6;5;-3.583077654504;14.616346161364;12.198770377018
7;1;-4.987866553070;13.063265622412;10.282450448752
7;2;-4.385984288410;13.254014609506;10.517960319571
7;3;-3.989690661077;13.624216083070;10.986073556289
7;4;-3.736412018055;14.082203349663;11.605360026414
7;5;-3.576084914111;14.487657939284;12.231150455620
7;6;-3.471438130515;14.772497545716;12.783509648279
8;1;-4.964944136856;13.060199774071;10.286707535942
8;2;-4.364864827888;13.240529972588;10.533610096101
8;3;-3.971936185208;13.584833720705;11.018712174295
8;4;-3.722814693772;13.998527173240;11.649932313976
8;5;-3.566481781082;14.348920581226;12.276476261184
8;6;-3.465236712757;14.579253072203;12.820608831039
8;7;-3.395267735194;14.699500895863;13.278044454695
9;1;-4.937311809509;13.056426895968;10.292147171840
9;2;-4.339297328703;13.224210022600;10.553603050406
9;3;-3.950251115314;13.538527074231;11.060429780184
9;4;-3.705910037678;13.903550440755;11.707327897696
9;5;-3.554112007388;14.197106563884;12.336356927785
9;6;-3.456656639205;14.375215441486;12.872819406997
9;7;-3.389741155210;14.454957005258;13.317414147969
9;8;-3.339688301316;14.469542410891;13.697744982535
10;1;-4.903504257362;13.051652687890;10.299290859040
10;2;-4.308020086496;13.203912684768;10.579716887094
10;3;-3.923716682745;13.482735486279;11.114393333633
10;4;-3.685137302773;13.793665233209;11.780985655306
10;5;-3.538686686674;14.028764074380;12.413458772634
10;6;-3.445584603491;14.158013029457;12.941736302305
10;7;-3.382081803411;14.204369969304;13.372812041700
10;8;-3.334736148689;14.201127405106;13.737812389346
10;9;-3.295877788969;14.176076107966;14.068584923442
11;1;-4.864456760739;13.045890952732;10.308264445373
11;2;-4.271978215828;13.179861650927;10.612236089184
11;3;-3.893245791975;13.418841388045;11.180569266864
11;4;-3.661289788174;13.673110614832;11.870006400381
11;5;-3.520813216223;13.851822426772;12.506290551059
11;6;-3.432430614097;13.938176659452;13.025928833243
11;7;-3.372526108937;13.958384353448;13.443309611493
11;8;-3.327970485022;13.943279767360;13.793296491864
11;9;-3.291365798210;13.916304201179;14.108945322110
11;10;-3.258133485243;13.893516683798;14.419489909858
12;1;-4.821075742028;13.039156349494;10.319219974577
12;2;-4.232067029345;13.152284037464;10.651511113476
12;3;-3.859657579454;13.348122026164;11.259032858049
12;4;-3.635019154770;13.545287036041;11.973778877685
12;5;-3.500937845814;13.671593952777;12.613931525015
12;6;-3.417460786923;13.721342613660;13.124669587624
12;7;-3.361209648280;13.721210147053;13.528546339493
12;8;-3.319444679130;13.697874947486;13.864115409613
12;9;-3.285085966024;13.669892538419;14.165404021550
12;10;-3.253787720485;13.648583852112;14.461353014777
12;11;-3.222366654127;13.634634749363;14.780609209911
13;1;-4.774188731928;13.031464603443;10.332330653267
13;2;-4.189089081054;13.121412367694;10.697933159480
13;3;-3.823653888677;13.271767140839;11.349903600271
13;4;-3.606845616093;13.412966370353;12.091840228652
13;5;-3.479390212102;13.491780594489;12.735738454184
13;6;-3.400859913806;13.510806986452;13.237491385883
13;7;-3.348224825246;13.494868655169;13.628274952881
13;8;-3.309197243214;13.465675733970;13.950140752222
13;9;-3.277044224230;13.437146846640;14.237858306348
13;10;-3.247664765960;13.416990654561;14.519939784462
13;11;-3.218053598077;13.405029089954;14.824006530802
13;12;-3.187168547461;13.401884788487;15.154698900020
14;1;-4.724517915056;13.022832648847;10.347785647728
14;2;-4.143734105107;13.087485186534;10.751909505466
14;3;-3.785814652814;13.190886517600;11.453289925377
14;4;-3.577174856420;13.278423438211;12.223774659152
14;5;-3.456414617751;13.315016270459;12.871170958710
14;6;-3.382762849325;13.308581767417;13.363980005986
14;7;-3.333642308441;13.280396916983;13.742200106280
14;8;-3.297261788062;13.247003304172;14.051119739679
14;9;-3.267249025477;13.218208906286;14.326055490689
14;10;-3.239749710679;13.198959873623;14.595013210610
14;11;-3.211934985980;13.188510234496;14.884600996214
14;12;-3.182813720120;13.186996459172;15.199480008202
14;13;-3.151772266649;13.194217042598;15.541823593400
15;1;-4.672672120595;13.013278714578;10.365784104119
15;2;-4.096575557888;13.050746605955;10.813837762927
15;3;-3.746604547941;13.106511284581;11.569240094787
15;4;-3.546316009538;13.143521960437;12.369138078887
15;5;-3.432191400664;13.143178957514;13.019682855782
15;6;-3.363270854990;13.115887760458;13.503666980327
15;7;-3.317519729446;13.078280068408;13.869907324760
15;8;-3.283670280319;13.041901238614;14.166640107802
15;9;-3.255713010351;13.013038570926;14.429567814833
15;10;-3.230035886676;12.994512979245;14.686146959955
15;11;-3.203982680349;12.985190780539;14.961994919386
15;12;-3.176611372269;12.984814843090;15.261782821651
15;13;-3.147329057035;12.992981289545;15.587749210725
15;14;-3.115722584320;13.009254500945;15.940762280248
16;1;-4.619151003385;13.002822351154;10.386527248221
16;2;-4.048077276063;13.011444908841;10.884075719133
16;3;-3.706384894236;13.019591249922;11.697692841713
16;4;-3.514497631391;13.009773271439;12.527394341667
16;5;-3.406850720338;12.977581609992;13.180644419239
16;6;-3.342459330111;12.933409685555;13.655961929073
16;7;-3.299903872657;12.888637609925;14.010819425234
16;8;-3.268452115553;12.850194346653;14.296104324667
16;9;-3.242451080296;12.821413664864;14.547772025674
16;10;-3.218522589168;12.803474197735;14.792707953800
16;11;-3.194177601333;12.794971133824;15.055568447232
16;12;-3.168521591641;12.795332669240;15.341023774171
16;13;-3.140982376392;12.803995867158;15.651363160901
16;14;-3.111152583977;12.820439325293;15.987536700569
16;15;-3.078684375546;12.844191952201;16.349640565289
17;1;-4.564356409688;12.991484391374;10.410216144476
17;2;-3.998606875085;12.969830261790;10.962933859767
17;3;-3.665430821129;12.930989806326;11.838480211792
17;4;-3.481886652136;12.878378735121;12.697929837052
17;5;-3.380488680772;12.819097067202;13.353361990412
17;6;-3.320389608727;12.761443376965;13.820187664341
17;7;-3.280839480633;12.711321482316;14.164249842545
17;8;-3.251641799829;12.671524787418;14.438794340069
17;9;-3.227488225304;12.642945129991;14.679918845518
17;10;-3.205223588812;12.625489490347;14.913929507177
17;11;-3.182519460272;12.617560900494;15.164556517275
17;12;-3.158527511450;12.618339482119;15.436459126214
17;13;-3.132696793289;12.627139440813;15.731963998703
17;14;-3.104627161884;12.643374637847;16.052089306560
17;15;-3.073971929556;12.666523345253;16.397022332637
17;16;-3.040343209165;12.696095542263;16.766287158313
18;1;-4.508606533366;12.979286892108;10.437049677331
18;2;-3.948450802271;12.926152352171;11.050670018610
18;3;-3.623947614383;12.841480891683;11.991335498017
18;4;-3.448603484851;12.750269358311;12.880071885114
18;5;-3.353178054100;12.668254977901;13.537099878537
18;6;-3.297115249600;12.600000958609;13.995612101515
18;7;-3.260372661739;12.545989764846;14.329444719149
18;8;-3.233280861385;12.505394566833;14.593919110589
18;9;-3.210860671964;12.477111984869;14.825182332185
18;10;-3.190167712519;12.460064968298;15.048961881332
18;11;-3.169026779729;12.452519917696;15.288100243306
18;12;-3.146634593346;12.453464610615;15.547236350262
18;13;-3.122462168149;12.462120459904;15.828722316816
18;14;-3.096118306348;12.477854092529;16.133631530035
18;15;-3.067259479383;12.500107055459;16.462230579134
18;16;-3.035502862456;12.528329296913;16.814146213033
18;17;-3.000829647360;12.562437194933;17.189326212199
19;1;-4.452150323469;12.966253060588;10.467222733570
19;2;-3.897828958565;12.880658060169;11.147485949317
19;3;-3.582085223785;12.751748179615;12.155904528855
19;4;-3.414733877035;12.626143158999;13.073107860951
19;5;-3.324975527421;12.525319223577;13.731101055948
19;6;-3.272685389897;12.448889635110;14.181475221024
19;7;-3.238551839105;12.392164370534;14.505615799733
19;8;-3.213417464098;12.351205956696;14.760650491952
19;9;-3.192614689367;12.323298487227;14.982697006266
19;10;-3.173397034327;12.306606099254;15.196910606070
19;11;-3.153734583826;12.299298824809;15.425286676649
19;12;-3.132867961227;12.300218353919;15.672435503597
19;13;-3.110290878296;12.308518052276;15.940723981997
19;14;-3.085622832800;12.323531662369;16.231268988829
19;15;-3.058525487941;12.344675493433;16.544404980781
19;16;-3.028622351076;12.371355157638;16.879852556704
19;17;-2.995873781249;12.403524031234;17.237555093727
19;18;-2.960255388291;12.441159109015;17.617607874471
20;1;-4.395180745342;12.952407168077;10.500924566761
20;2;-3.846907815782;12.833589253263;11.253525599733
20;3;-3.539950563502;12.662386399891;12.331758845804
20;4;-3.380338079616;12.506500155867;13.276303127801
20;5;-3.295926653110;12.390350555007;13.934604949635
20;6;-3.247146493585;12.307772103392;14.377010623651
20;7;-3.215427581618;12.249276627766;14.691965526406
20;8;-3.192105129784;12.208296705301;14.938150167864
20;9;-3.172804589873;12.180827708277;15.151585831892
20;10;-3.154964321567;12.164452526819;15.356865772273
20;11;-3.136691417249;12.157274785060;15.575179926089
20;12;-3.117269171427;12.158028175921;15.811102648648
20;13;-3.096214595685;12.165818198365;16.067006318578
20;14;-3.073159522949;12.179957317623;16.344040890670
20;15;-3.047772811635;12.199845909857;16.642598108102
20;16;-3.019685862381;12.224858193368;16.962483612381
20;17;-2.988841370915;12.254976643032;17.303629134912
20;18;-2.955194623854;12.290205850809;17.666115911177
20;19;-2.918716771259;12.330567481801;18.050152762849
21;1;-4.337846275701;12.937774453354;10.538337326721
21;2;-3.795811616541;12.785180768839;11.368874858799
21;3;-3.497617616869;12.573904515975;12.518409590628
21;4;-3.345457854998;12.391674627479;13.488916696315
21;5;-3.266069252634;12.263257361265;14.146861695933
21;6;-3.220543215868;12.176213201390;14.581461915466
21;7;-3.191051969539;12.116703037967;14.887705550595
21;8;-3.169401200528;12.075969124385;15.125589352859
21;9;-3.151490564162;12.048989695367;15.330980838102
21;10;-3.134930366884;12.032907089153;15.527923947774
21;11;-3.117956269919;12.025781305849;15.736844967288
21;12;-3.099892868699;12.026269171048;15.962276104910
21;13;-3.080280865243;12.033444631500;16.206587295801
21;14;-3.058765857411;12.046608155951;16.470952546346
21;15;-3.035025777232;12.065151623891;16.755811398396
21;16;-3.008701591990;12.088428438995;17.061046047828
21;17;-2.979721701722;12.116443446503;17.386571138648
21;18;-2.948024192792;12.149222317285;17.732447250307
21;19;-2.913560282722;12.186807359784;18.098861742159
21;20;-2.876297535567;12.229253368660;18.486109880671
22;1;-4.280260484950;12.922381018120;10.579634738259
22;2;-3.744631628591;12.735658630830;11.493562541518
22;3;-3.455135549886;12.486730395099;12.715321198002
22;4;-3.310121774453;12.281864313046;13.710214119350
22;5;-3.235435764445;12.143836620101;14.367142839708
22;6;-3.192918786848;12.053715812385;14.794094502417
22;7;-3.165477822445;11.993792888573;15.092069793847
22;8;-3.145365338000;11.953513156657;15.322162644286
22;9;-3.128736640793;11.927063970774;15.520037744777
22;10;-3.113361489041;11.911258981462;15.709203975923
22;11;-3.097595674019;11.904132205906;15.909365206829
22;12;-3.080803567512;11.904288858758;16.125006323921
22;13;-3.062549698022;11.910784415032;16.358488201893
22;14;-3.042494581332;11.922914692328;16.611001238476
22;15;-3.020326884834;11.940068953245;16.883024460416
22;16;-2.995698771421;11.961588363278;17.174508648375
22;17;-2.968527723198;11.987494492683;17.485347537217
22;18;-2.938737951314;12.017828565176;17.815576264756
22;19;-2.906263830540;12.052648007380;18.165354647996
22;20;-2.871053297000;12.092022984830;18.534950747941
22;21;-2.833071030428;12.136032807356;18.924723922141
23;1;-4.222509814907;12.906253716123;10.624980914322
23;2;-3.693433621233;12.685238528664;11.627562379359
23;3;-3.412535114488;12.401216575494;12.921924242264
23;4;-3.274349180510;12.177156353652;13.939477528909
23;5;-3.204054864365;12.031806632691;14.594748789230
23;6;-3.164315143641;11.939748220696;15.014203510213
23;7;-3.138757952561;11.879889122144;15.304323099341
23;8;-3.120058196075;11.840223999858;15.527097194288
23;9;-3.104608900897;11.814336783188;15.717945755860
23;10;-3.090327334104;11.798801563215;15.899857765581
23;11;-3.075681110608;11.791640232860;16.091854812857
23;12;-3.060072707009;11.791426738982;16.298370267259
23;13;-3.043090348500;11.797208486875;16.521750533555
23;14;-3.024410309374;11.808282400455;16.763196021892
23;15;-3.003733369581;11.824039729254;17.023218089145
23;16;-2.980724348882;11.843816296506;17.301828762957
23;17;-2.955293037872;11.867645730599;17.598898453098
23;18;-2.927353111284;11.895580202516;17.914433683018
23;19;-2.896825395520;11.927687604648;18.248562481399
23;20;-2.863641264684;11.964048685730;18.601520082224
23;21;-2.827746012422;12.004754034498;18.973634200880
23;22;-2.789102020879;12.049900806743;19.365309151695
24;1;-4.164659775465;12.889420037507;10.674529289364
24;2;-3.642263811467;12.634124571550;11.770795791478
24;3;-3.369833634092;12.317646747592;13.137627007479
24;4;-3.238153120240;12.077549925024;14.176012970218
24;5;-3.171952582452;11.926832886625;14.829013488454
24;6;-3.134772941804;11.833764633772;15.241118558245
24;7;-3.110944519134;11.774343685207;15.523766402204
24;8;-3.093540320017;11.735415052906;15.739658207598
24;9;-3.079173996407;11.710113797351;15.923933529575
24;10;-3.065899029423;11.694845528407;16.099077065501
24;11;-3.052286790900;11.687631023061;16.283466769317
24;12;-3.037776067136;11.687029223145;16.481481191656
24;13;-3.021978396567;11.692087665433;16.695447937482
24;14;-3.004586332583;11.702108847672;16.926572208499
24;15;-2.985313822150;11.716489575131;17.175391623081
24;16;-2.963839550177;11.734565825825;17.441972797726
24;17;-2.940068566015;11.756379485679;17.726161580842
24;18;-2.913907198802;11.781989899955;18.027934086985
24;19;-2.885266037046;11.811471583755;18.347383909644
24;20;-2.854063164865;11.844911872071;18.684709667807
24;21;-2.820227538320;11.882408411273;19.040202220612
24;22;-2.783702349372;11.924066392207;19.414230870743
24;23;-2.744448199635;11.969995420342;19.807227841367
25;1;-4.106759817863;12.871907989682;10.728421659108
25;2;-3.591153541945;12.582508318475;11.923135225454
25;3;-3.327038842545;12.236242605420;13.361825532576
25;4;-3.201542494046;11.982975649906;14.419155326254
25;5;-3.139153071377;11.828548209580;15.069306809653
25;6;-3.104331519999;11.735220261287;15.474206061800
25;7;-3.082088512224;11.676528428187;15.749739217614
25;8;-3.065871281161;11.638426986797;15.959151616086
25;9;-3.052497975485;11.613728980189;16.137272189891
25;10;-3.040147697139;11.598728209131;16.306097093429
25;11;-3.027487831057;11.591453146020;16.483397524370
25;12;-3.013991587035;11.590460622159;16.673494705024
25;13;-2.999293208037;11.594804709833;16.878694051482
25;14;-2.983101742087;11.603796907429;17.100201352770
25;15;-2.965145025224;11.616842310883;17.338575401531
25;16;-2.945116514746;11.633281392970;17.593931426251
25;17;-2.922919108601;11.653161249625;17.866090435379
25;18;-2.898454708121;11.676545363924;18.154997479239
25;19;-2.871626828586;11.703511761154;18.460710417430
25;20;-2.842343553688;11.734151096162;18.783389044467
25;21;-2.810520757358;11.768564583782;19.123283971911
25;22;-2.776085476877;11.806861678514;19.480724643465
25;23;-2.738979285958;11.849157402014;19.856105815541
25;24;-2.699161491808;11.895569205987;20.249871770651
26;1;-4.048847133530;12.853745975762;10.786787313131
26;2;-3.540122934536;12.530568074087;12.084407873781
26;3;-3.284151812553;12.157170778543;13.593912026975
26;4;-3.164523613004;11.893311983071;14.668271187123
26;5;-3.105679134850;11.736568225774;15.315035147797
26;6;-3.073028858704;11.643582094208;15.712869649884
26;7;-3.052239369214;11.585842480897;15.981620113289
26;8;-3.037109032946;11.548633698547;16.184924634012
26;9;-3.024645394488;11.524550415551;16.357276101619
26;10;-3.013143307196;11.509819749346;16.520197760981
26;11;-3.001358808851;11.502484950286;16.690888994388
26;12;-2.988797591654;11.501110867365;16.873611874557
26;13;-2.975115807021;11.504763051984;17.070647041757
26;14;-2.960038939152;11.512764594397;17.283197539520
26;15;-2.943309116558;11.524530947253;17.511839110207
26;16;-2.924635159679;11.539410465844;17.756730269506
26;17;-2.903919999362;11.557453052412;18.017667657973
26;18;-2.881063669377;11.578723930101;18.294565516686
26;19;-2.855965505436;11.603302165827;18.587445772327
26;20;-2.828526735903;11.631279124163;18.896428500455
26;21;-2.798653426356;11.662756771358;19.221722225217
26;22;-2.766259702207;11.697845742086;19.563613486624
26;23;-2.731271134677;11.736663071694;19.922455057520
26;24;-2.693628140889;11.779329483389;20.298652121549
26;25;-2.653289225019;11.825966102309;20.692645629716
27;1;-3.990949599462;12.834962671451;10.849742246764
27;2;-3.489183731484;12.478468432918;12.254399592718
27;3;-3.241169171608;12.080549614263;13.833281659022
27;4;-3.127101315594;11.808398831436;14.922760028574
27;5;-3.071552592959;11.650502990801;15.565640644175
27;6;-3.040901554590;11.558336323471;15.956549188540
27;7;-3.021444714785;11.501716885768;16.218825707100
27;8;-3.007309463377;11.465445822468;16.416364762794
27;9;-2.995678684053;11.441983705748;16.583301998148
27;10;-2.984953835367;11.427526810367;16.740703107536
27;11;-2.973972671814;11.420138861448;16.905228566997
27;12;-2.962271407720;11.418400591930;17.081080064040
27;13;-2.949527161482;11.421392793862;17.270511546952
27;14;-2.935481561757;11.428452071910;17.474720712925
27;15;-2.919891144888;11.439005766402;17.694296771362
27;16;-2.902480378997;11.452412722483;17.929436804598
27;17;-2.883153995407;11.468723787018;18.179914122745
27;18;-2.861812317686;11.488004069394;18.445613113516
27;19;-2.838353040003;11.510331765445;18.726520438070
27;20;-2.812673410774;11.535796914630;19.022716618412
27;21;-2.784672817329;11.564500017352;19.334367530069
27;22;-2.754255734707;11.596550431509;19.661715283354
27;23;-2.721334964373;11.632064456074;20.005067924955
27;24;-2.685835050422;11.671162994497;20.364787317822
27;25;-2.647695727206;11.713968671146;20.741274459728
27;26;-2.606875229604;11.760602249065;21.134951377301
28;1;-3.933088056863;12.815586901031;10.917388438827
28;2;-3.438341501286;12.426360048866;12.432858872255
28;3;-3.198084767603;12.006455637768;14.079337793902
28;4;-3.089279760949;11.728048709099;15.182054042455
28;5;-3.036794539419;11.569965553284;15.820599399967
28;6;-3.007984821407;11.478993165479;16.204718804468
28;7;-2.989750210076;11.423617137617;16.460808617347
28;8;-2.976526115554;11.388312374236;16.652897694401
28;9;-2.965657732815;11.365473525347;16.814746930648
28;10;-2.955644685662;11.351294377401;16.966979437489
28;11;-2.945399956409;11.343863698483;17.125747631080
28;12;-2.934488334574;11.341784129316;17.295192067631
28;13;-2.922606860406;11.344154510502;17.477538638467
28;14;-2.909512826956;11.350326349860;17.673977697494
28;15;-2.894977046602;11.359739978991;17.885109064996
28;16;-2.878739641932;11.371766702829;18.111164216156
28;17;-2.860708511054;11.386456900910;18.351894573027
28;18;-2.840786010419;11.403874170492;18.607156142101
28;19;-2.818870329574;11.424094394198;18.876901642722
28;20;-2.794857257977;11.447204744907;19.161173033133
28;21;-2.768642365889;11.473302561995;19.460093998405
28;22;-2.740123596219;11.502494024335;19.773861932483
28;23;-2.709204232185;11.534892533371;20.102738894162
28;24;-2.675796169037;11.570616703458;20.447040942326
28;25;-2.639823380817;11.609787835756;20.807125157027
28;26;-2.601225440588;11.652526725177;21.183373526849
28;27;-2.559960931288;11.698949615929;21.576172726053
29;1;-3.875278076393;12.795647512999;10.989813181615
29;2;-3.387597353864;12.374379603365;12.619500728595
29;3;-3.154890915179;11.934929570591;14.331495805140
29;4;-3.051062989252;11.652055738920;15.445616923452
29;5;-3.001425530778;11.494578074292;16.079418972298
29;6;-2.974312522618;11.405089714651;16.456884217845
29;7;-2.957199495877;11.351044157951;16.707054695730
29;8;-2.944810048810;11.316721004041;16.893984460001
29;9;-2.934639653121;11.294503797217;17.051045403304
29;10;-2.925278335948;11.280606141920;17.198432549680
29;11;-2.915708274414;11.273145485792;17.351819055544
29;12;-2.905520927353;11.270750905884;17.515284001885
29;13;-2.894432146707;11.272541332242;17.691024303408
29;14;-2.882214266318;11.277884139207;17.880221463918
29;15;-2.868652041076;11.286233412262;18.083483579381
29;16;-2.853501016556;11.296974367085;18.301072829940
29;17;-2.836673256859;11.310155871904;18.532720462107
29;18;-2.818074495381;11.325838988758;18.778255931746
29;19;-2.797605141376;11.344096236145;19.037599813490
29;20;-2.775161646425;11.365010793541;19.310757106657
29;21;-2.750638271309;11.388675588447;19.597810547465
29;22;-2.723929276591;11.415192197447;19.898913504900
29;23;-2.694931535676;11.444669480217;20.214281985599
29;24;-2.663547537861;11.477221848782;20.544185199594
29;25;-2.629688713204;11.512967052609;20.888934040855
29;26;-2.593278974924;11.552023332278;21.248866710741
29;27;-2.554258344008;11.594505758907;21.624330554301
29;28;-2.512586501293;11.640521531471;22.015658984463
30;1;-3.817531333804;12.775173255688;11.067088449542
30;2;-3.336949281514;12.322649943813;12.814010412906
30;3;-3.111579327869;11.865981832750;14.589185609725
30;4;-3.012455319588;11.580202805265;15.712941870969
30;5;-2.965465737438;11.423976029104;16.341635382262
30;6;-2.939917238547;11.336191318869;16.712579619562
30;7;-2.923834216398;11.283534126187;16.957079791745
30;8;-2.912209816408;11.250197243402;17.139118085449
30;9;-2.902678696880;11.228596871583;17.291665971685
30;10;-2.893914168793;11.214983845981;17.434504357801
30;11;-2.884962023960;11.207507153130;17.582853945854
30;12;-2.875438547965;11.204825625587;17.740732322389
30;13;-2.865077263014;11.206079708614;17.910306859641
30;14;-2.853664818271;11.210653268050;18.092749096050
30;15;-2.840999421453;11.218014634013;18.288673495401
30;16;-2.826851615848;11.227563962574;18.498369680883
30;17;-2.811138309139;11.239347863612;18.721550595847
30;18;-2.793769590694;11.253424145229;18.958021203467
30;19;-2.774649416335;11.269861230434;19.207672049551
30;20;-2.753676609409;11.288737520259;19.470473214099
30;21;-2.730746229708;11.310140649782;19.746468302166
30;22;-2.705751352155;11.334166574265;20.035768092417
30;23;-2.678585280593;11.360918409916;20.338543411175
30;24;-2.649144198231;11.390504936948;20.655016728298
30;25;-2.617330226030;11.423038650685;20.985451875791
30;26;-2.583054825815;11.458633218088;21.330141166507
30;27;-2.546242450346;11.497400160706;21.689389033875
30;28;-2.506834313453;11.539444538719;22.063491118927
30;29;-2.464792136483;11.584859352264;22.452707492679
31;1;-3.759856695216;12.754192653094;11.149270292781
31;2;-3.286393219156;12.271280363448;13.016046851442
31;3;-3.068141820343;11.799597490709;14.851853086982
31;4;-2.973461640229;11.512267143312;15.983549018912
31;5;-2.928935079689;11.357810921754;16.606809809643
31;6;-2.904830370461;11.271891869663;16.971364267345
31;7;-2.889694113154;11.220657500078;17.210426231573
31;8;-2.878771540451;11.188303049684;17.387819946414
31;9;-2.869826295137;11.167312009747;17.536107510010
31;10;-2.861608454904;11.153985895835;17.674669126064
31;11;-2.853222287139;11.146507438786;17.818297929031
31;12;-2.844307141641;11.143567571195;17.970950249053
31;13;-2.834613066281;11.144329187519;18.134763626180
31;14;-2.823940234969;11.148193001392;18.310898826120
31;15;-2.812099704951;11.154641861757;18.499975118844
31;16;-2.798876443021;11.163091553768;18.702306678202
31;17;-2.784192606921;11.173585918178;18.917590088836
31;18;-2.767963301278;11.186179033329;19.145608000472
31;19;-2.750096991774;11.200934751808;19.386223237552
31;20;-2.730496186797;11.217926187519;19.639373284210
31;21;-2.709058443000;11.237235104895;19.905064831255
31;22;-2.685677747833;11.258951152658;20.183368040569
31;23;-2.660246323094;11.283170871992;20.474410133664
31;24;-2.632656877756;11.309996392276;20.778367842542
31;25;-2.602805315558;11.339533705681;21.095458169044
31;26;-2.570593873802;11.371890383577;21.425926779249
31;27;-2.535934636922;11.407172561152;21.770033206845
31;28;-2.498753335800;11.445480969829;22.128031848060
31;29;-2.458993317333;11.486905737647;22.500147494443
31;30;-2.416619555076;11.531519603111;22.886543863832
32;1;-3.702261091825;12.732733881038;11.236398242389
32;2;-3.235923899376;12.220366994579;13.225245752073
32;3;-3.024570848862;11.735740641915;15.118960540166
32;4;-2.934087635221;11.448024623819;16.256982463396
32;5;-2.891853367936;11.295751861307;16.874525103685
32;6;-2.869082284969;11.211813313247;17.232818926781
32;7;-2.854817182417;11.162017482840;17.466659142861
32;8;-2.844539070155;11.130634884168;17.639635961901
32;9;-2.836131201305;11.110243406961;17.783895296558
32;10;-2.828414463269;11.097205484795;17.918429484770
32;11;-2.820546882522;11.089739244697;18.057627153968
32;12;-2.812189202161;11.086569281326;18.205383815440
32;13;-2.803106870270;11.086881480496;18.363807098575
32;14;-2.793112760806;11.090093547082;18.534046427052
32;15;-2.782030101312;11.095702950784;18.716724592713
32;16;-2.769657600935;11.103141519527;18.912177745697
32;17;-2.755922853650;11.112449999332;19.120088060486
32;18;-2.740746369245;11.123678453543;19.340218090393
32;19;-2.724041768159;11.136885891322;19.572405335636
32;20;-2.705716194569;11.152139849830;19.816557168679
32;21;-2.685671004266;11.169515886354;20.072645835390
32;22;-2.663802785328;11.189096927574;20.340703220491
32;23;-2.640004766890;11.210972410797;20.620815019407
32;24;-2.614168663072;11.235237135684;20.913113893335
32;25;-2.586186984405;11.261989723464;21.217771096625
32;26;-2.555955827580;11.291330552702;21.534985950768
32;27;-2.523378126963;11.323359004423;21.864972392179
32;28;-2.488367320538;11.358169802824;22.207941635036
32;29;-2.450851352993;11.395848178341;22.564079759436
32;30;-2.410776915517;11.436463504790;22.933518753080
32;31;-2.368113812514;11.480060969112;23.316299199189
33;1;-3.644750249095;12.710824643642;11.328494713767
33;2;-3.185535564245;12.169993288663;13.441222330611
33;3;-2.980859946118;11.674358248013;15.389986351651
33;4;-2.894339983445;11.387252962566;16.532807021272
33;5;-2.854240464386;11.237486279644;17.144382203327
33;6;-2.832702504163;11.155604618874;17.496542246105
33;7;-2.819239893981;11.107248133465;17.725362717517
33;8;-2.809554215386;11.076821503362;17.894132723703
33;9;-2.801639724711;11.057017933282;18.034577023011
33;10;-2.794382679457;11.044268409366;18.165312343906
33;11;-2.786990548503;11.036827636165;18.300344143486
33;12;-2.779143896061;11.033454806836;18.443507702360
33;13;-2.770622481009;11.033359029833;18.596880818514
33;14;-2.761251043558;11.035974976632;18.761601184953
33;15;-2.750864258289;11.040814702894;18.938294050731
33;16;-2.739273825804;11.047326272068;19.127315239945
33;17;-2.726412789923;11.055547152586;19.328334418568
33;18;-2.712207236749;11.065523254252;19.541096234463
33;19;-2.696576318242;11.077308625590;19.765415270966
33;20;-2.679432447710;11.090965107280;20.001171336018
33;21;-2.660681720593;11.106561901956;20.248304833419
33;22;-2.640224618712;11.124175011766;20.506811934030
33;23;-2.617957058297;11.143886483163;20.776739220857
33;24;-2.593771840204;11.165783382511;21.058177420258
33;25;-2.567560553561;11.189956405185;21.351253748278
33;26;-2.539215970691;11.216497993511;21.656122292003
33;27;-2.508634951358;11.245499803418;21.972951705081
33;28;-2.475721849154;11.277049313760;22.301909317892
33;29;-2.440392384790;11.311225313597;22.643140539399
33;30;-2.402577924552;11.348091928231;22.996742153161
33;31;-2.362230083393;11.387690752017;23.362727781056
33;32;-2.319325568154;11.430030542931;23.740983408115
34;1;-3.587329324927;12.688492050105;11.425564396091
34;2;-3.135222586353;12.120230558996;13.663573627268
34;3;-2.937004098166;11.615383443901;15.664423970846
34;4;-2.854226561705;11.329734053584;16.810604821903
34;5;-2.816116483327;11.182720012935;17.415996533366
34;6;-2.795719949894;11.102940385181;17.762147126436
34;7;-2.782997473884;11.056012267999;17.986136476114
34;8;-2.773857053495;11.026521598072;18.150893629297
34;9;-2.766396048193;11.007292726482;18.287718801603
34;10;-2.759561121301;10.994830717332;18.414864788387
34;11;-2.752605241686;10.987427632954;18.545973596330
34;12;-2.745227324594;10.983877703735;18.684820973235
34;13;-2.737220398362;10.983413246621;18.833455079097
34;14;-2.728420245996;10.985485742899;18.993001621626
34;15;-2.718672247752;10.989621691214;19.164087414462
34;16;-2.707800306514;10.995285406636;19.347085885044
34;17;-2.695742799678;11.002511005071;19.541656008731
34;18;-2.682431389673;11.011340214686;19.747526645595
34;19;-2.667790919139;11.021822123429;19.964491819495
34;20;-2.651739436643;11.034012884227;20.192406308344
34;21;-2.634188401115;11.047975341559;20.431181316608
34;22;-2.615043120048;11.063778534561;20.680779973805
34;23;-2.594203482009;11.081497020330;20.941212361428
34;24;-2.571565046931;11.101209945735;21.212529712557
34;25;-2.547020556879;11.122999775875;21.494817350029
34;26;-2.520461924170;11.146950560835;21.788185825785
34;27;-2.491782742089;11.173145587885;22.092759590378
34;28;-2.460881345894;11.201664221569;22.408662351315
34;29;-2.427664429353;11.232577676676;22.735998064699
34;30;-2.392051197596;11.265943396080;23.074826240331
34;31;-2.353978014934;11.301797614133;23.425129921728
34;32;-2.313403493036;11.340145574747;23.786774332121
34;33;-2.270313967590;11.380948742046;24.159453771351
35;1;-3.530003504549;12.665762491717;11.527593616834
35;2;-3.084980045498;12.071138564538;13.891880399480
35;3;-2.893000106102;11.558738359894;15.941780361433
35;4;-2.813756681323;11.275255596598;17.089971811551
35;5;-2.777502048696;11.131176921816;17.688994424412
35;6;-2.758163254485;11.053519221218;18.029257130982
35;7;-2.746124259143;11.007999261382;18.248591578456
35;8;-2.737486313969;10.979421379361;18.409515065489
35;9;-2.730442630796;10.960752735812;18.542901222113
35;10;-2.723995749314;10.948576290641;18.666650014454
35;11;-2.717440543302;10.941221901882;18.794058210091
35;12;-2.710492911460;10.937518882201;18.928842797637
35;13;-2.702958166274;10.936722550370;19.073022571509
35;14;-2.694682334834;10.938300937379;19.227711096117
35;15;-2.685520763868;10.941794756701;19.393535990207
35;16;-2.675308756628;10.946684450691;19.570886410678
35;17;-2.663989814554;10.953000787451;19.759412351147
35;18;-2.651501047809;10.960781366258;19.958828894743
35;19;-2.637772978783;10.970070400202;20.168911769422
35;20;-2.622729440684;10.980918457294;20.389493188240
35;21;-2.606287613250;10.993382126701;20.620457767033
35;22;-2.588358245473;11.007523568551;20.861738286083
35;23;-2.568846122777;11.023409894720;21.113311023482
35;24;-2.547650842404;11.041112313270;21.375190333336
35;25;-2.524667964836;11.060704949835;21.647422068287
35;26;-2.499790609670;11.082263233697;21.930075348590
35;27;-2.472911560402;11.105861703040;22.223232053866
35;28;-2.443925933196;11.131571040569;22.526973252195
35;29;-2.412734450091;11.159454095007;22.841361577611
35;30;-2.379247338306;11.189560573005;23.166418314713
35;31;-2.343388857312;11.221919997094;23.502093643690
35;32;-2.305102438860;11.256532416501;23.848228142462
35;33;-2.264356418563;11.293356229466;24.204503249790
35;34;-2.221150348438;11.332292333613;24.570378004289
36;1;-3.472778596525;12.642661519174;11.634549673031
36;2;-3.034804304780;12.022766116580;14.125708592952
36;3;-2.848846973066;11.504336500505;16.221574023691
36;4;-2.772941388270;11.223612163184;17.370514234287
36;5;-2.738418630905;11.082598187412;17.963009594070
36;6;-2.720061155289;11.007062004858;18.297502966913
36;7;-2.708654138804;10.962922830241;18.512347214520
36;8;-2.700479852569;10.935232183339;18.669602678901
36;9;-2.693820704561;10.917108288397;18.799715498285
36;10;-2.687730977786;10.905214438328;18.920243352445
36;11;-2.681544175970;10.897918432483;19.044154579070
36;12;-2.674991914277;10.894084401659;19.175108228988
36;13;-2.667890864670;10.892990309959;19.315094054408
36;14;-2.660096534480;10.894120397847;19.465213385335
36;15;-2.651473515048;10.897029298832;19.626093987837
36;16;-2.641867715222;10.901213347376;19.798139041094
36;17;-2.631227488047;10.906700025472;19.980991140746
36;18;-2.619495170723;10.913522913254;20.174353474673
36;19;-2.606606826813;10.921721494672;20.377985614052
36;20;-2.592492054245;10.931340921720;20.591699562041
36;21;-2.577073894795;10.942431706412;20.815355871125
36;22;-2.560268888799;10.955049301783;21.048859615736
36;23;-2.541987327416;10.969253522658;21.292155970243
36;24;-2.522133763120;10.985107742821;21.545225091272
36;25;-2.500607846576;11.002677786641;21.808075934289
36;26;-2.477305563527;11.022030408745;22.080738543103
36;27;-2.452120947815;11.043231223349;22.363254232371
36;28;-2.424948344969;11.066341903247;22.655662930997
36;29;-2.395685294524;11.091416414831;22.957986761943
36;30;-2.364236088226;11.118495987063;23.270208694878
36;31;-2.330516047204;11.147602426518;23.592244818020
36;32;-2.294456546827;11.178729285517;23.923908435960
36;33;-2.256010808261;11.211830266626;24.264863825284
36;34;-2.215160477105;11.246804109909;24.614567107911
36;35;-2.171923029066;11.283475075141;24.972191416524
37;1;-3.415661674320;12.619213720436;11.746380125156
37;2;-2.984693630316;11.975151693483;14.364610409292
37;3;-2.804546358102;11.452084727007;16.503332700711
37;4;-2.731793859915;11.174605823543;17.651845146260
37;5;-2.698888990110;11.036741390707;18.237679724512
37;6;-2.681442997080;10.963310095655;18.566519072166
37;7;-2.670621103155;10.920518855384;18.777027108239
37;8;-2.662875234828;10.893688146813;18.930767766981
37;9;-2.656570883237;10.876092730112;19.057759739812
37;10;-2.650810302063;10.864477554218;19.175228416209
37;11;-2.644962643326;10.857248255949;19.295829214012
37;12;-2.638774068697;10.853303279328;19.423164092596
37;13;-2.632071747554;10.851942761905;19.559194114114
37;14;-2.624719945079;10.852666751908;19.705008326621
37;15;-2.616591803548;10.855043456445;19.861234062197
37;16;-2.607543064603;10.858584780202;20.028286956183
37;17;-2.597526621897;10.863315019711;20.205803656045
37;18;-2.586489757101;10.869263883713;20.393477193377
37;19;-2.574373845138;10.876466312209;20.591052977362
37;20;-2.561114101818;10.884962253556;20.798325017960
37;21;-2.546639403487;10.894796370900;21.015132206014
37;22;-2.530872216093;10.906017641697;21.241354454434
37;23;-2.513728679870;10.918678803981;21.476908470257
37;24;-2.495118905207;10.932835589564;21.721742879558
37;25;-2.474947544814;10.948545666594;21.975832362542
37;26;-2.453114716187;10.965867190539;22.239170370717
37;27;-2.429517355770;10.984856832023;22.511759886864
37;28;-2.404051091096;11.005567110187;22.793601545683
37;29;-2.376612718585;11.028042808814;23.084678252161
37;30;-2.347103372210;11.052316186960;23.384935209640
37;31;-2.315432462014;11.078400613580;23.694253996199
37;32;-2.281522453098;11.106282155093;24.012419007743
37;33;-2.245314548219;11.135908526565;24.339074232658
37;34;-2.206775335242;11.167174687023;24.673667973190
37;35;-2.165904470588;11.199904233116;25.015382863180
37;36;-2.122743497777;11.233825657199;25.363048505812
38;1;-3.358661811282;12.595442599814;11.863012056158
38;2;-2.934648902630;11.928324052766;14.608125007606
38;3;-2.760103142695;11.401884892987;16.786590876695
38;4;-2.690329937475;11.128046437159;17.933581022341
38;5;-2.658937760725;10.993379460311;18.512643178380
38;6;-2.642339374910;10.922023560804;18.835940347000
38;7;-2.632059932229;10.880543287609;19.042256174019
38;8;-2.624710458692;10.854543991978;19.192623830248
38;9;-2.618733911187;10.837460179044;19.316635392298
38;10;-2.613277068438;10.826118879928;19.431193424574
38;11;-2.607742016635;10.818963252385;19.548654734022
38;12;-2.601888386325;10.814925363391;19.672565041280
38;13;-2.595553044808;10.813326964390;19.804857082000
38;14;-2.588608337962;10.813683463177;19.946607600166
38;15;-2.580935300742;10.815576254470;20.098442968972
38;16;-2.572398767249;10.818532424256;20.260789833049
38;17;-2.562955841127;10.822573209044;20.433280204170
38;18;-2.552558428330;10.827724616974;20.615598547144
38;19;-2.541152924245;10.834017252566;20.807477948099
38;20;-2.528679925156;10.841486098453;21.008696484433
38;21;-2.515073988155;10.850170227173;21.219073637732
38;22;-2.500263470853;10.860112408868;21.438466569047
38;23;-2.484170490739;10.871358571101;21.666766043712
38;24;-2.466711053652;10.883957054112;21.903891748040
38;25;-2.447795411362;10.897957587933;22.149786679801
38;26;-2.427328719258;10.913409895447;22.404410214486
38;27;-2.405212075950;10.930361796309;22.667729345384
38;28;-2.381344036472;10.948856648705;22.939707461864
38;29;-2.355622698716;10.968929916907;23.220289860974
38;30;-2.327948468136;10.990604590208;23.509384976799
38;31;-2.298227608038;11.013885100540;23.806840056176
38;32;-2.266376682473;11.038749290633;24.112409710039
38;33;-2.232327997252;11.065137872681;24.425715440187
38;34;-2.196036144909;11.092940695225;24.746193917737
38;35;-2.157485765784;11.121979019202;25.073031549917
38;36;-2.116700654887;11.151982927125;25.405082866236
38;37;-2.073754377167;11.182563017680;25.740770753401
39;1;-3.301790964232;12.571370459633;11.984351308699
39;2;-2.884674475432;11.882302834441;14.855778901397
39;3;-2.715526163737;11.353635183713;17.070887184027
39;4;-2.648568842611;11.083751696130;18.215338527605
39;5;-2.618592222597;10.952299557794;18.787535912570
39;6;-2.602782961423;10.882979460760;19.105399088562
39;7;-2.593007066664;10.842770171140;19.307657384326
39;8;-2.586024858426;10.817572950093;19.454783344557
39;9;-2.580351593532;10.800983421365;19.575943905176
39;10;-2.575175426377;10.789910404961;19.687727756958
39;11;-2.569928906303;10.782834082039;19.802206296379
39;12;-2.564384142004;10.778719311576;19.922869849466
39;13;-2.558386960287;10.776908833973;20.051623186886
39;14;-2.551817157416;10.776932933940;20.189530737924
39;15;-2.544563042554;10.778385778056;20.337217432534
39;16;-2.536497841301;10.780809193627;20.495119578564
39;17;-2.527582531342;10.784221496341;20.662865727960
39;18;-2.517773303939;10.788645175952;20.840133217223
39;19;-2.507021247139;10.794106720597;21.026644487463
39;20;-2.495272039814;10.800636396579;21.222163578320
39;21;-2.482465675927;10.808267958165;21.426492649206
39;22;-2.468536244887;10.817038255034;21.639468360586
39;23;-2.453411801800;10.826986695753;21.860957917662
39;24;-2.437014370696;10.838154513415;22.090854536821
39;25;-2.419260134648;10.850583763384;22.329072038640
39;26;-2.400059878656;10.864315961872;22.575538196625
39;27;-2.379319764138;10.879390246288;22.830186373712
39;28;-2.356942527160;10.895840902220;23.092944853885
39;29;-2.332829205574;10.913694055399;23.363723118362
39;30;-2.306881512208;10.932963267828;23.642394119532
39;31;-2.279004981531;10.953643703254;23.928771367908
39;32;-2.249113025521;10.975704437183;24.222579369853
39;33;-2.217132041049;10.999078381842;24.523415650203
39;34;-2.183007717394;11.023649183017;24.830702299593
39;35;-2.146712700755;11.049234339917;25.143624777189
39;36;-2.108255785848;11.075563735063;25.461055720972
39;37;-2.067692825642;11.102252803970;25.781462030328
39;38;-2.025139578833;11.128769839351;26.102794928118
40;1;-3.245065072775;12.547018287002;12.110281729856
40;2;-2.834779249721;11.837099155123;15.107086144401
40;3;-2.670829179287;11.307231212296;17.355761857225
40;4;-2.606534140370;11.041547000148;18.496731553786
40;5;-2.577883318944;10.913301960119;19.061988680924
40;6;-2.562809577894;10.845970234882;19.374522218996
40;7;-2.553501719606;10.806989815111;19.572848939054
40;8;-2.546860247872;10.782564851106;19.716854844513
40;9;-2.541467964883;10.766451976560;19.835283719484
40;10;-2.536551519455;10.755640932485;19.944418836545
40;11;-2.531571673346;10.748648272212;20.056058360234
40;12;-2.526312103756;10.744470711087;20.173638045574
40;13;-2.520626917149;10.742471306030;20.299035047454
40;14;-2.514402776700;10.742194711215;20.433301470743
40;15;-2.507534689241;10.743247427470;20.577060345956
40;16;-2.499903614358;10.745185545332;20.730756383232
40;17;-2.491474072843;10.748024604166;20.894015717643
40;18;-2.482206197701;10.751783760043;21.066509847039
40;19;-2.472055423697;10.756485604730;21.247952084477
40;20;-2.460972178045;10.762155938217;21.438094157127
40;21;-2.448901587698;10.768823470557;21.636722815680
40;22;-2.435783224368;10.776519422139;21.843656298522
40;23;-2.421550915589;10.785276982635;22.058740466307
40;24;-2.406132658852;10.795130577175;22.281844383157
40;25;-2.389450686334;10.806114872860;22.512855067727
40;26;-2.371421740002;10.818263438527;22.751671067685
40;27;-2.351957630812;10.831606944247;22.998194420491
40;28;-2.330966171193;10.846170752852;23.252320447255
40;29;-2.308352586489;10.861971711724;23.513924679598
40;30;-2.284021528154;10.879013897236;23.782846037378
40;31;-2.257879828437;10.897282994646;24.058865155169
40;32;-2.229840152641;10.916738912029;24.341676500167
40;33;-2.199825720316;10.937306129531;24.630852647536
40;34;-2.167776281115;10.958861181430;24.925798816280
40;35;-2.133655544990;10.981216574612;25.225695593712
40;36;-2.097460280891;11.004100397411;25.529427830688
40;37;-2.059231313303;11.027130931754;25.835498224436
40;38;-2.019066659555;11.049785862854;26.141925542399
40;39;-1.977137054733;11.071366370835;26.446130442298
41;1;-3.188505459324;12.522405650031;12.240664477235
41;2;-2.784978049444;11.792716199637;15.361548444507
41;3;-2.626032152042;11.262566929666;17.640754411451
41;4;-2.564255030220;11.001265237508;18.777368667705
41;5;-2.536847001421;10.876198995296;19.335624667242
41;6;-2.522459588891;10.810802227328;19.642928948878
41;7;-2.513587309284;10.773007145310;19.837441878886
41;8;-2.507262382361;10.749324408728;19.978440460571
41;9;-2.502130775484;10.733670361502;20.094247718669
41;10;-2.497454993171;10.723114341663;20.200849485277
41;11;-2.492721958008;10.716208493361;20.309781930385
41;12;-2.487726081208;10.711980376951;20.424427031719
41;13;-2.482329124445;10.709812660238;20.546634657576
41;14;-2.476424079997;10.709263842364;20.677444571776
41;15;-2.469912118230;10.709952305285;20.817477467703
41;16;-2.462681320498;10.711447897069;20.967185268845
41;17;-2.454699432000;10.713763524108;21.126192609156
41;18;-2.445930189619;10.716915189226;21.294166293628
41;19;-2.436333024875;10.720921801375;21.470811866495
41;20;-2.425862761444;10.725804936605;21.655870299133
41;21;-2.414469319465;10.731588527060;21.849114670782
41;22;-2.402097443834;10.738298448328;22.050346696354
41;23;-2.388686480041;10.745961966984;22.259392928546
41;24;-2.374170229088;10.754606998947;22.476100424335
41;25;-2.358476922925;10.764261114551;22.700331616368
41;26;-2.341529373789;10.774950206977;22.931958064498
41;27;-2.323245365042;10.786696715647;23.170852678281
41;28;-2.303538367575;10.799517263710;23.416879893129
41;29;-2.282318684543;10.813419527245;23.669883146715
41;30;-2.259495147772;10.828398101222;23.929668833887
41;31;-2.234977511364;10.844429062154;24.195985716161
41;32;-2.208679711043;10.861462849134;24.468498529008
41;33;-2.180524181236;10.879414995469;24.746754281099
41;34;-2.150447444812;10.898154149491;25.030139509603
41;35;-2.118407212240;10.917486742154;25.317826617482
41;36;-2.084391246479;10.937137625038;25.608707510095
41;37;-2.048428264784;10.956726079385;25.901313312036
41;38;-2.010601153606;10.975736896403;26.193720385552
41;39;-1.971062756198;10.993486933013;26.483445820374
41;40;-1.930054431877;11.009088929324;26.767340926747
42;1;-3.132140640694;12.497550610668;12.375337477959
42;2;-2.735293411244;11.749149826348;15.618655410698
42;3;-2.581162962167;11.219535412680;17.925401788544
42;4;-2.521768074420;10.962746548143;19.056851192093
42;5;-2.495526010723;10.840814091013;19.608057766850
42;6;-2.481779728837;10.777294399879;19.910229095506
42;7;-2.473313320465;10.740640276611;20.101038362949
42;8;-2.467282847313;10.717669739336;20.239134130633
42;9;-2.462393402549;10.702456591892;20.352421363834
42;10;-2.457940926975;10.692148086237;20.456595972972
42;11;-2.453436632211;10.685331066307;20.562942504890
42;12;-2.448684898250;10.681062873627;20.674789916632
42;13;-2.443554569369;10.678745059503;20.793961093503
42;14;-2.437944472869;10.677949432700;20.921483429060
42;15;-2.431761450179;10.678305792831;21.057974853027
42;16;-2.424900137711;10.679397220637;21.203893374222
42;17;-2.417331203320;10.681234126915;21.358862921129
42;18;-2.409021662727;10.683829532361;21.522546614595
42;19;-2.399934600472;10.687198864722;21.694643437398
42;20;-2.390028881252;10.691359704655;21.874884997387
42;21;-2.379258861356;10.696331457790;22.063032265177
42;22;-2.367574114178;10.702134924327;22.258872149272
42;23;-2.354919189400;10.708791729299;22.462213745853
42;24;-2.341233432617;10.716323565897;22.672884065461
42;25;-2.326450901338;10.724751190171;22.890722992226
42;26;-2.310500424624;10.734093087099;23.115577170273
42;27;-2.293305867542;10.744363704187;23.347292433132
42;28;-2.274786678360;10.755571118124;23.585704291584
42;29;-2.254858816105;10.767713960818;23.830625869312
42;30;-2.233436178943;10.780777381920;24.081832520823
42;31;-2.210432679496;10.794727764280;24.339042181175
42;32;-2.185765141531;10.809505836584;24.601890286442
42;33;-2.159357222603;10.825017746006;24.869897882617
42;34;-2.131144598265;10.841123570669;25.142431344381
42;35;-2.101081673690;10.857622684318;25.418652026061
42;36;-2.069150115283;10.874235368410;25.697454299444
42;37;-2.035369513433;10.890580163450;25.977391031987
42;38;-1.999810489349;10.906146771331;26.256587012361
42;39;-1.962610528321;10.920265040430;26.532643738041
42;40;-1.923992730945;10.932071947750;26.802544190416
42;41;-1.884287476765;10.940480882857;27.062574773314
43;1;-3.076008699216;12.472469665745;12.514115188401
43;2;-2.685757938583;11.706389215709;15.877885234313
43;3;-2.536259699300;11.178029607274;18.209237315606
43;4;-2.479119511885;10.925838154174;19.334772250489
43;5;-2.453972240472;10.806981007935;19.878891849652
43;6;-2.440825508270;10.745277293084;20.176022391410
43;7;-2.432737742672;10.709719362691;20.363230947422
43;8;-2.426981521422;10.687431169888;20.498520823598
43;9;-2.422317334533;10.672640976496;20.609381851538
43;10;-2.418072338043;10.662571985911;20.711227099569
43;11;-2.413780322936;10.655844759014;20.815099066797
43;12;-2.409254936340;10.651545320861;20.924274403904
43;13;-2.404371580648;10.649093366319;21.040549287441
43;14;-2.399034465361;10.648073472559;21.164938695060
43;15;-2.393155650613;10.648126387174;21.298057372008
43;16;-2.386635805702;10.648847886426;21.440368336159
43;17;-2.379448239125;10.650246013360;21.591495493989
43;18;-2.371562937897;10.652330964645;21.751099161836
43;19;-2.362946309142;10.655114872472;21.918872824074
43;20;-2.353560909777;10.658611532268;22.094539959431
43;21;-2.343365172024;10.662836054348;22.277850823147
43;22;-2.332313136202;10.667804411559;22.468579055226
43;23;-2.320354207173;10.673532847147;22.666517960686
43;24;-2.307432957236;10.680037096674;22.871476274552
43;25;-2.293489006615;10.687331364411;23.083273180540
43;26;-2.278457023258;10.695426977092;23.301732295170
43;27;-2.262266896997;10.704330615341;23.526674255585
43;28;-2.244844159510;10.714041994055;23.757907456035
43;29;-2.226110741565;10.724550826225;23.995216361607
43;30;-2.205986182832;10.735832858628;24.238346685594
43;31;-2.184389437494;10.747844711651;24.486986548857
43;32;-2.161241450729;10.760517189337;24.740742550699
43;33;-2.136468716539;10.773746652571;24.999109487398
43;34;-2.110008065145;10.787383976135;25.261432292642
43;35;-2.081812966189;10.801220557184;25.526858715597
43;36;-2.051861668544;10.814970843234;25.794281428974
43;37;-2.020167521890;10.828250965462;26.062268899157
43;38;-1.986791827881;10.840553405486;26.328985825781
43;39;-1.951859529549;10.851218362338;26.592106838013
43;40;-1.915577933054;10.859403871963;26.848732211640
43;41;-1.878258411759;10.864059086204;27.095322584389
43;42;-1.840340588108;10.863908756797;27.327681747540
44;1;-3.020160414667;12.447177734466;12.656788887246
44;2;-2.636417424826;11.664417610327;16.138706247590
44;3;-2.491373738450;11.137943124109;18.491790976233
44;4;-2.436368361198;10.890394363248;19.610717273421
44;5;-2.412249887952;10.774543352206;20.147721506929
44;6;-2.399664403626;10.714592322492;20.439899289159
44;7;-2.391930289165;10.680085806447;20.623603373241
44;8;-2.386429818512;10.658450417486;20.756177284239
44;9;-2.381975432467;10.644065287278;20.864698804596
44;10;-2.377923460782;10.634227394752;20.964304821949
44;11;-2.373828710300;10.627589958922;21.065804632751
44;12;-2.369513451814;10.623266572053;21.172423250017
44;13;-2.364859165741;10.620694327461;21.285930384226
44;14;-2.359775029492;10.619470027695;21.407328532777
44;15;-2.354177907548;10.619244895858;21.537228837535
44;16;-2.347974022678;10.619626859849;21.676098293465
44;17;-2.341139063127;10.620621710686;21.823561364684
44;18;-2.333645699884;10.622236963459;21.979276322308
44;19;-2.325463350151;10.624481621601;22.142932079717
44;20;-2.316557927964;10.627365883834;22.314245071189
44;21;-2.306891588251;10.630900772295;22.492956067298
44;22;-2.296422473835;10.635097654511;22.678826803658
44;23;-2.285104479183;10.639967624231;22.871636276278
44;24;-2.272887050497;10.645520696182;23.071176525377
44;25;-2.259715049264;10.651764756891;23.277247688166
44;26;-2.245528716191;10.658704197004;23.489652047418
44;27;-2.230263784992;10.666338129058;23.708186734042
44;28;-2.213851811305;10.674658067240;23.932634655282
44;29;-2.196220801694;10.683644911105;24.162753112785
44;30;-2.177296251851;10.693265032315;24.398259444869
44;31;-2.157002732027;10.703465211670;24.638812875450
44;32;-2.135266191858;10.714166113604;24.883991584690
44;33;-2.112017195684;10.725253920383;25.133263850582
44;34;-2.087195342349;10.736569687242;25.385951983549
44;35;-2.060755167983;10.747895941104;25.641187759465
44;36;-2.032673872025;10.758940064833;25.897858280238
44;37;-2.002961237526;10.769314149088;26.154541876928
44;38;-1.971672122537;10.778511360861;26.409435176195
44;39;-1.938921855681;10.785879637742;26.660275316231
44;40;-1.904904736284;10.790594908994;26.904266259725
44;41;-1.869915554430;10.791638366327;27.138026051480
44;42;-1.834373516153;10.787785829544;27.357583301909
44;43;-1.798847058516;10.777621978354;27.558465617588
45;1;-2.964663436030;12.421688220816;12.803127861050
45;2;-2.587335028930;11.623213222130;16.400580011356
45;3;-2.446573884263;11.099171216596;18.772591726218
45;4;-2.393590596847;10.856276884030;19.884266707380
45;5;-2.370439676015;10.743354499276;20.414135032951
45;6;-2.358380115206;10.685091536928;20.701444019213
45;7;-2.350976681679;10.651591956122;20.881733622720
45;8;-2.345714993231;10.630580265496;21.011675061192
45;9;-2.341456253579;10.616582431161;21.117937259127
45;10;-2.337584087325;10.606966873570;21.215387190054
45;11;-2.333672885464;10.600418349532;21.314609124807
45;12;-2.329552952126;10.596076895910;21.418777060381
45;13;-2.325111406405;10.593396260277;21.529634451692
45;14;-2.320262015025;10.591984929082;21.648171231982
45;15;-2.314926068063;10.591504128531;21.774994520459
45;16;-2.309014902801;10.591573392175;21.910574295793
45;17;-2.302506347786;10.592196360780;22.054536064177
45;18;-2.295375492228;10.593377992804;22.206536699590
45;19;-2.287594471536;10.595124308899;22.366261345529
45;20;-2.279132240054;10.597442075671;22.533420335925
45;21;-2.269954336244;10.600338407444;22.707746033441
45;22;-2.260022648343;10.603820259090;22.888989467051
45;23;-2.249295192348;10.607893775538;23.076916628429
45;24;-2.237725919366;10.612563453966;23.271304256753
45;25;-2.225264576202;10.617831062252;23.471934902405
45;26;-2.211856652092;10.623694241261;23.678591009605
45;27;-2.197443456217;10.630144698131;23.891047693835
45;28;-2.181962385660;10.637165871798;24.109063809568
45;29;-2.165347462577;10.644729919573;24.332370804966
45;30;-2.147530243131;10.652793833755;24.560658741894
45;31;-2.128441230013;10.661294449745;24.793558723385
45;32;-2.108011955481;10.670142053069;25.030620824102
45;33;-2.086177943039;10.679212236052;25.271286480832
45;34;-2.062882802222;10.688335605270;25.514854207735
45;35;-2.038083760360;10.697284917397;25.760437527412
45;36;-2.011758982817;10.705759259881;26.006914282254
45;37;-1.983917069914;10.713365057008;26.252867227513
45;38;-1.954609128170;10.719594075726;26.496517352605
45;39;-1.923943767705;10.723799390277;26.735654241564
45;40;-1.892105230682;10.725171667183;26.967572649433
45;41;-1.859374535348;10.722720425544;27.189032084558
45;42;-1.826152919993;10.715268336564;27.396266984640
45;43;-1.792985847232;10.701471078082;27.585088302289
45;44;-1.760584214276;10.679879884670;27.751129375481
46;1;-2.909607887224;12.396013194739;12.952882030282
46;2;-2.538596904495;11.582750422187;16.662966891372
46;3;-2.401951986371;11.061612120995;19.051172928834
46;4;-2.350884801590;10.823355647420;20.155002026899
46;5;-2.328644549561;10.713278119654;20.677720756858
46;6;-2.317078297272;10.656638026980;20.960241024451
46;7;-2.309984405176;10.624101474866;21.137200373306
46;8;-2.304945915105;10.603684924659;21.264586949238
46;9;-2.300869841904;10.590056813048;21.368664081343
46;10;-2.297165373812;10.580654557430;21.464034727824
46;11;-2.293425173225;10.574193284305;21.561065703117
46;12;-2.289487035771;10.569838356686;21.662880563531
46;13;-2.285243317175;10.567059438337;21.771196687750
46;14;-2.280612027742;10.565476162623;21.886991342024
46;15;-2.275518537449;10.564759289041;22.010867202521
46;16;-2.269878897037;10.564539412661;22.143296272885
46;17;-2.263672856960;10.564818110606;22.283905499296
46;18;-2.256877680764;10.565597890925;22.432350904850
46;19;-2.249467952139;10.566881915327;22.588314547751
46;20;-2.241415369936;10.568673657448;22.751501475005
46;21;-2.232688535628;10.570976475528;22.921636573781
46;22;-2.223252740189;10.573793072751;23.098461206787
46;23;-2.213069760791;10.577124811286;23.281729496372
46;24;-2.202097682378;10.580970836708;23.471204093537
46;25;-2.190290765448;10.585326957505;23.666651230859
46;26;-2.177599389680;10.590184209041;23.867834810797
46;27;-2.163970114021;10.595527011893;24.074509220777
46;28;-2.149345908045;10.601330809978;24.286410491894
46;29;-2.133666627739;10.607559043514;24.503245327232
46;30;-2.116869832022;10.614159274984;24.724677418495
46;31;-2.098892065296;10.621058242952;24.950310348510
46;32;-2.079670766680;10.628155570501;25.179666250870
46;33;-2.059147008799;10.635315806737;25.412159286415
46;34;-2.037269317446;10.642358441679;25.647062938968
46;35;-2.013998876082;10.649045526941;25.883470203048
46;36;-1.989316471078;10.655066593787;26.120246061925
46;37;-1.963231574867;10.660020749794;26.355972447519
46;38;-1.935793976902;10.663396258440;26.588887466795
46;39;-1.907108325077;10.664548718923;26.816823556931
46;40;-1.877351781534;10.662680381368;27.037154022931
46;41;-1.846794645050;10.656825403158;27.246764766205
46;42;-1.815823126908;10.645849152649;27.442078209124
46;43;-1.784962324250;10.628473844970;27.619168470798
46;44;-1.754895619346;10.603346868460;27.774016880224
46;45;-1.726474063554;10.569169577545;27.902955978501
47;1;-2.855113975562;12.370163759249;13.105786844882
47;2;-2.490319860468;11.543001387708;16.925335535879
47;3;-2.357630607386;11.025169013896;19.327082490297
47;4;-2.308379877504;10.791510410164;20.422516675610
47;5;-2.286997429974;10.684189585560;20.938078373269
47;6;-2.275894344255;10.629107263346;21.215886431464
47;7;-2.269090517088;10.597490664692;21.389594515129
47;8;-2.264260895740;10.577641361884;21.514498516909
47;9;-2.260355570913;10.564365674715;21.616459488525
47;10;-2.256807697656;10.555167504882;21.709821936495
47;11;-2.253227004596;10.548791146673;21.804742240143
47;12;-2.249458281290;10.544426184283;21.904294047472
47;13;-2.245398752130;10.541557470473;22.010168811989
47;14;-2.240970355421;10.539815255834;22.123331013476
47;15;-2.236102225858;10.538879368358;22.244378464529
47;16;-2.230714761811;10.538390925998;22.373784267850
47;17;-2.224789437443;10.538349512888;22.511177129778
47;18;-2.218305468203;10.538755273452;22.656212676491
47;19;-2.211239638389;10.539608611377;22.808570459076
47;20;-2.203566117884;10.540909820120;22.967950930762
47;21;-2.195256272038;10.542658623751;23.134072301774
47;22;-2.186278470954;10.544853601487;23.306667161689
47;23;-2.176597907496;10.547491462116;23.485478738327
47;24;-2.166176437642;10.550566125461;23.670256634752
47;25;-2.154972462543;10.554067556426;23.860751850580
47;26;-2.142940879386;10.557980282427;24.056710848868
47;27;-2.130033138412;10.562281506447;24.257868373556
47;28;-2.116197456890;10.566938704802;24.463938653207
47;29;-2.101379258372;10.571906570280;24.674604543499
47;30;-2.085521927940;10.577123127279;24.889504064112
47;31;-2.068568002510;10.582504806412;25.108213678978
47;32;-2.050460950375;10.587940223832;25.330227562416
47;33;-2.031147736554;10.593282370623;25.554932008713
47;34;-2.010582419958;10.598338891151;25.781574120668
47;35;-1.988731082884;10.602860137401;26.009224027911
47;36;-1.965578447961;10.606524766847;26.236730266325
47;37;-1.941136582020;10.608922868183;26.462668804444
47;38;-1.915456101125;10.609537054369;26.685287853032
47;39;-1.888640241967;10.607722807778;26.902453499859
47;40;-1.860861995114;10.602690801101;27.111605950787
47;41;-1.832384114818;10.593496172196;27.309743285206
47;42;-1.803581093211;10.579042929595;27.493459265475
47;43;-1.774960928374;10.558115572813;27.659072647709
47;44;-1.747182501146;10.529453526631;27.802893461797
47;45;-1.721061384664;10.491884435445;27.921667726782
47;46;-1.697552813667;10.444524987879;28.013210946783
48;1;-2.801342443281;12.344150705703;13.261571695981
48;2;-2.442661907627;11.503938467894;17.187178332818
48;3;-2.313773603021;10.989752955658;19.599900017974
48;4;-2.266245677035;10.760633542535;20.686434330532
48;5;-2.245671890022;10.655978669226;21.194837698361
48;6;-2.235004096427;10.602389780302;21.468007001752
48;7;-2.228472374943;10.571651163543;21.638538184987
48;8;-2.223838433470;10.552342018485;21.761027178481
48;9;-2.220092902756;10.539401834118;21.860936138240
48;10;-2.216691430662;10.530398456158;21.952356388726
48;11;-2.213259704482;10.524104126295;22.045240409357
48;12;-2.209649050637;10.519731567418;22.142612435936
48;13;-2.205761225378;10.516780109731;22.246138124906
48;14;-2.201521807030;10.514890101620;22.356769037785
48;15;-2.196863407889;10.513749982398;22.475097705990
48;16;-2.191710440721;10.513010863417;22.601597438876
48;17;-2.186045924237;10.512670390145;22.735898954345
48;18;-2.179850823955;10.512726410386;22.877657853163
48;19;-2.173103898969;10.513176647492;23.026551661541
48;20;-2.165781539375;10.514018300734;23.182276822795
48;21;-2.157857598045;10.515247551524;23.344545546103
48;22;-2.149303222490;10.516858948684;23.513082405064
48;23;-2.140086695434;10.518844639014;23.687620558476
48;24;-2.130173296669;10.521193400495;23.867897439283
48;25;-2.119525204111;10.523889424246;24.053649723816
48;26;-2.108101459239;10.526910777107;24.244607350895
48;27;-2.095858031743;10.530227459013;24.440486307478
48;28;-2.082748030978;10.533798947394;24.640979833286
48;29;-2.068722128595;10.537571094286;24.845747620638
48;30;-2.053729278293;10.541472210567;25.054402498863
48;31;-2.037717846290;10.545408136607;25.266494000036
48;32;-2.020637300559;10.549256062284;25.481488115616
48;33;-2.002440649054;10.552856827841;25.698742495126
48;34;-1.983087866702;10.556005422543;25.917476351400
48;35;-1.962550606242;10.558439422766;26.136734498440
48;36;-1.940818543950;10.559825214103;26.355345386208
48;37;-1.917907757190;10.559742087825;26.571873918099
48;38;-1.893871546102;10.557664792203;26.784571554218
48;39;-1.868814059820;10.552946001577;26.991329153232
48;40;-1.842906906715;10.544801632343;27.189642716045
48;41;-1.816408518922;10.532304181565;27.376609125497
48;42;-1.789685254795;10.514392368174;27.548978081015
48;43;-1.763231850932;10.489908996573;27.703296226481
48;44;-1.737686621613;10.457681909642;27.836185490306
48;45;-1.713833486789;10.416662342917;27.944790542816
48;46;-1.692578316165;10.366126153323;28.027395196741
48;47;-1.674881224036;10.305920611975;28.084128735578
49;1;-2.748509138117;12.317985612242;13.419973710072
49;2;-2.395836986782;11.465537659429;17.448035902784
49;3;-2.270600918368;10.955287356989;19.869264409423
49;4;-2.224707861148;10.730634587719;20.946438005003
49;5;-2.204897057994;10.628554138534;21.447688412968
49;6;-2.194638774839;10.576395819242;21.716290147408
49;7;-2.188362592872;10.546494636705;21.883714914767
49;8;-2.183912186454;10.527699543987;22.003852417523
49;9;-2.180316375538;10.515078455385;22.101769400221
49;10;-2.177051939761;10.506260634379;22.191309034505
49;11;-2.173759506551;10.500045049433;22.282226015823
49;12;-2.170296519331;10.495666511732;22.377495638824
49;13;-2.166568957949;10.492638138386;22.478757876599
49;14;-2.162505778075;10.490609869930;22.586951235308
49;15;-2.158042808268;10.489278310569;22.702662556288
49;16;-2.153108172563;10.488304048843;22.826364500691
49;17;-2.147686272811;10.487682829497;22.957689990047
49;18;-2.141759642237;10.487410251005;23.096294899078
49;19;-2.135308809957;10.487481410887;23.241855126542
49;20;-2.128312157814;10.487890473478;23.394063592159
49;21;-2.120745773048;10.488630138536;23.552627069548
49;22;-2.112583302274;10.489690983626;23.717262749995
49;23;-2.103795814916;10.491060646366;23.887694412033
49;24;-2.094351687973;10.492722803840;24.063648046141
49;25;-2.084216529049;10.494655895580;24.244846751490
49;26;-2.073353161441;10.496831522739;24.431004681112
49;27;-2.061721704246;10.499212439121;24.621819762204
49;28;-2.049279792677;10.501750028955;24.816964858595
49;29;-2.035982999865;10.504381141569;25.016076972868
49;30;-2.021785542303;10.507024124470;25.218744008338
49;31;-2.006641377979;10.509573865228;25.424488531965
49;32;-1.990505840024;10.511895622067;25.632747911182
49;33;-1.973337990284;10.513817400103;25.842850165513
49;34;-1.955103926536;10.515120627857;26.053984923146
49;35;-1.935781332396;10.515528930578;26.265169081854
49;36;-1.915365615293;10.514694923403;26.475207272853
49;37;-1.893878024116;10.512185224293;26.682648220640
49;38;-1.871376152776;10.507464415309;26.885739886709
49;39;-1.847967179872;10.499879605483;27.082389295534
49;40;-1.823824001558;10.488648749647;27.270137647979
49;41;-1.799203976759;10.472858125323;27.446168096150
49;42;-1.774469157407;10.451477388817;27.607372170088
49;43;-1.750105390329;10.423404007728;27.750509569788
49;44;-1.726735261232;10.387551235307;27.872500056358
49;45;-1.705116198967;10.342992194531;27.970875877516
49;46;-1.686109948271;10.289162257618;28.044383937480
49;47;-1.670603050178;10.226097414549;28.093644424634
49;48;-1.659350279715;10.154646550116;28.121648061181
50;1;-2.753280004646;12.291682619617;13.580759710019
50;2;-2.406510631711;11.427783773389;17.707535115620
50;3;-2.284784529400;10.921714755461;20.134916864040
50;4;-2.240444082580;10.701447455028;21.202315137484
50;5;-2.221354040515;10.601851142236;21.696426004550
50;6;-2.211481641005;10.551062840289;21.960530255261
50;7;-2.205445938324;10.521960380622;22.124916157199
50;8;-2.201168115866;10.503654470902;22.242762437921
50;9;-2.197713018987;10.491336780877;22.338744097155
50;10;-2.194577328480;10.482695526523;22.426461014283
50;11;-2.191415722696;10.476555205502;22.515475873387
50;12;-2.188091409912;10.472171710384;22.608715491347
50;13;-2.184514355781;10.469071282352;22.707794270179
50;14;-2.180616712506;10.466912966838;22.813637529030
50;15;-2.176337365154;10.465401101359;22.926826028432
50;16;-2.171607977176;10.464205253831;23.047830972549
50;17;-2.166414325705;10.463319290174;23.176287629553
50;18;-2.160740529579;10.462736587536;23.311852386636
50;19;-2.154568944900;10.462449649450;23.454199839901
50;20;-2.147880059482;10.462449638326;23.603019787239
50;21;-2.140652391312;10.462725803237;23.758014035480
50;22;-2.132862398507;10.463264775547;23.918892918057
50;23;-2.124484411566;10.464049698056;24.085371399899
50;24;-2.115490603240;10.465059144777;24.257164621380
50;25;-2.105851017529;10.466265777695;24.433982701827
50;26;-2.095533687674;10.467634673579;24.615524584531
50;27;-2.084504884312;10.469121237585;24.801470658318
50;28;-2.072729550161;10.470668600747;24.991473835394
50;29;-2.060171997828;10.472204375371;25.185148701886
50;30;-2.046796974381;10.473636616338;25.382058289435
50;31;-2.032571231936;10.474848809127;25.581697950207
50;32;-2.017465790520;10.475693680733;25.783475768412
50;33;-2.001459140845;10.475985615344;25.986688935750
50;34;-1.984541714513;10.475491466931;26.190495604054
50;35;-1.966722052641;10.473919620710;26.393881987129
50;36;-1.948035237918;10.470907306960;26.595625047580
50;37;-1.928554330269;10.466006481128;26.794252178656
50;38;-1.908405781844;10.458669155193;26.988001175063
50;39;-1.887790143778;10.448234038222;27.174786876169
50;40;-1.867009912505;10.433917888527;27.352185595014
50;41;-1.846507345355;10.414817239139;27.517455088556
50;42;-1.826917161454;10.389929102449;27.667615991969
50;43;-1.809144047795;10.358202375975;27.799628314734
50;44;-1.794488082329;10.318633446061;27.910698602221
50;45;-1.784879164448;10.270416795749;27.998739777237
50;46;-1.783403388878;10.213149394203;28.062962056605
50;47;-1.795762840220;10.147061295155;28.104486792206
50;48;-1.835544241304;10.073204145534;28.126750381984
50;49;-1.953766874342;9.993487023002;28.135347860650
