U;D;P;E;NM
2;1;-25.699136289757;0.011837253950;10.204084151206
3;1;-25.300349129992;0.014915297379;10.204085788496
3;2;-24.616037965939;0.059673611438;10.204097471370
4;1;-24.878756981428;0.018785243048;10.204089574163
4;2;-24.223586604780;0.073846274872;10.204113645144
4;3;-23.696173391090;0.203200219563;10.204186553204
5;1;-24.442655556987;0.023492094402;10.204098322016
5;2;-23.801353767911;0.092309758261;10.204150978554
5;3;-23.312474324201;0.245971696808;10.204293001537
5;4;-22.888717613168;0.526589219310;10.204638222830
6;1;-23.994527932133;0.029206457414;10.204118574304
6;2;-23.361259453043;0.115254326673;10.204236773780
6;3;-22.893253348190;0.303088211482;10.204535229023
6;4;-22.515313000473;0.622201313128;10.205162334737
6;5;-22.166004819638;1.109763529322;10.206481369133
7;1;-23.535284487347;0.036208603943;10.204165383883
7;2;-22.907515132950;0.143564930179;10.204433493050
7;3;-22.453085092608;0.375035874511;10.205081433754
7;4;-22.102256586134;0.751597546853;10.206322580469
7;5;-21.803876720060;1.278862600438;10.208530513848
7;6;-21.510851881877;1.984782836277;10.212744819159
8;1;-23.065340052192;0.044917784769;10.204272756235
8;2;-22.441914416052;0.178761969913;10.204881149462
8;3;-21.997805255302;0.464549078720;10.206302654139
8;4;-21.666077524423;0.914862371477;10.208847678441
8;5;-21.399623446821;1.508147730322;10.212881755037
8;6;-21.160725986295;2.230221213304;10.219311064826
8;7;-20.912000432888;3.102529957270;10.230791293455
9;1;-22.584940645700;0.055956719805;10.204515146973
9;2;-21.965412775790;0.223160955006;10.205883370721
9;3;-21.530276561657;0.576354763577;10.208986865828
9;4;-21.214163949666;1.116712228163;10.214237584439
9;5;-20.971356326017;1.793547598787;10.221843747435
9;6;-20.767588408303;2.559295491372;10.232469112357
9;7;-20.574627151030;3.398561982084;10.248248965276
9;8;-20.362157302968;4.328220096273;10.275100336717
10;1;-22.094283884850;0.070259293755;10.205047539417
10;2;-21.478688606857;0.280198931701;10.208064124692
10;3;-21.052342722230;0.717408245426;10.214708998579
10;4;-20.750708616911;1.364983248105;10.225364836113
10;5;-20.528053309177;2.136740197703;10.239618653612
10;6;-20.350954617711;2.955276804991;10.257507673567
10;7;-20.194786182424;3.784194621693;10.280594251061
10;8;-20.038398683808;4.620233979598;10.313427662903
10;9;-19.856564730817;5.475617957267;10.367379531041
11;1;-21.602815726490;0.087816840573;10.206115810091
11;2;-20.991253305945;0.349421643946;10.212394933392
11;3;-20.573660986789;0.884525632474;10.225825172442
11;4;-20.285706022102;1.649214976187;10.246277946134
11;5;-20.080699994214;2.515910963358;10.271732890518
11;6;-19.924783422688;3.382421224008;10.300950970075
11;7;-19.794517637212;4.204497946312;10.334823897541
11;8;-19.672576568223;4.976160797774;10.377099754857
11;9;-19.542465911131;5.706583574330;10.436608604019
11;10;-19.380973561734;6.405690739671;10.534062860838
12;1;-21.111559029499;0.108594422335;10.208047867812
12;2;-20.504197778454;0.430218821165;10.220138057017
12;3;-20.095457078399;1.074127716982;10.245231776769
12;4;-19.820644825724;1.959181825155;10.281559588513
12;5;-19.631459162696;2.912726615269;10.323855359501
12;6;-19.493018908880;3.815082753000;10.368821979679
12;7;-19.382174159215;4.625033272280;10.416717885365
12;8;-19.283343803954;5.343975936643;10.471021520721
12;9;-19.184029107651;5.986176561345;10.539318273205
12;10;-19.069920989006;6.564243623413;10.637739961687
12;11;-18.915973730547;7.083679001144;10.804243558337
13;1;-20.620649881884;0.132542183409;10.211227414979
13;2;-20.017715534960;0.521871410663;10.232719050914
13;3;-19.618021516345;1.282419072791;10.275963247816
13;4;-19.355980900079;2.285295211872;10.335499805840
13;5;-19.181206717336;3.312291380756;10.400611421662
13;6;-19.057581068538;4.235413033617;10.465329818983
13;7;-18.961980114269;5.025091021870;10.529657719356
13;8;-18.879817499117;5.695304457304;10.597453742889
13;9;-18.800659013401;6.268474847997;10.676013275284
13;10;-18.714466987441;6.761790170697;10.778894744950
13;11;-18.606601325969;7.182185640509;10.935259383447
13;12;-18.456520754096;7.560159225436;11.156960626744
14;1;-20.130129933581;0.159597104343;10.216068328445
14;2;-19.531889944363;0.623566243645;10.251605263691
14;3;-19.141490593154;1.505511704553;10.320844027760
14;4;-18.891929443507;2.618910935757;10.411507231609
14;5;-18.730404909439;3.703068824758;10.504956677024
14;6;-18.619560125160;4.631763468348;10.592438117867
14;7;-18.536300990509;5.393292607298;10.674505325286
14;8;-18.466778793395;6.016170414535;10.756170205903
14;9;-18.401837798622;6.531255574518;10.845189224736
14;10;-18.333703673046;6.960333455741;10.953865674002
14;11;-18.252720211669;7.313079159724;11.105790704831
14;12;-18.148000703792;7.612843543948;11.308038391788
14;13;-17.999768740876;7.883073536089;11.572880854919
15;1;-19.640027486765;0.189685906486;10.222981160372
15;2;-19.046773047805;0.734423903626;10.278159168642
15;3;-18.665925978901;1.739604507016;10.382126650063
15;4;-18.428563372492;2.952701244379;10.511614331133
15;5;-18.279263642685;4.076915659164;10.637782784395
15;6;-18.179559267232;4.997682665379;10.749707206262
15;7;-18.106497548722;5.724970743696;10.849670799433
15;8;-18.046891011214;6.301676716033;10.944644805249
15;9;-17.992510855920;6.766030273416;11.043421422474
15;10;-17.936961164961;7.143544959107;11.157879424212
15;11;-17.873200875790;7.446483177892;11.308161392124
15;12;-17.794781628853;7.694594741516;11.498526279619
15;13;-17.691498862316;7.904518011722;11.736264242780
15;14;-17.543879905352;8.095246249026;12.033081693006
16;1;-19.150365273892;0.222755215848;10.232333920868
16;2;-18.562392005294;0.853640317096;10.313480879323
16;3;-18.191324618863;1.981433245604;10.461168092984
16;4;-17.965842148401;3.281391535317;10.636158406220
16;5;-17.827813599844;4.429576599315;10.797811871365
16;6;-17.737868806860;5.331750826944;10.934436299568
16;7;-17.673342093352;6.021150740065;11.051426915858
16;8;-17.621692177033;6.553650043288;11.158437032049
16;9;-17.575436465302;6.973281155291;11.265690983269
16;10;-17.529122707707;7.308191156065;11.385138237343
16;11;-17.477257975073;7.572582345343;11.534780486151
16;12;-17.415581730990;7.784234489470;11.717371292593
16;13;-17.338252128085;7.956522792330;11.937100656904
16;14;-17.235338208341;8.102384988819;12.200725979231
16;15;-17.087268334085;8.242169958681;12.516791626953
17;1;-18.661163132605;0.258743479693;10.244453079208
17;2;-18.078757770882;0.980389142605;10.358418939972
17;3;-17.717644327625;2.228059078539;10.558554184256
17;4;-17.503668085469;3.601127222127;10.784255720836
17;5;-17.376004571627;4.759118394190;10.982515337889
17;6;-17.294631127741;5.634952566760;11.142928951913
17;7;-17.237311915198;6.284949663411;11.275389061050
17;8;-17.192151527888;6.775929120150;11.392787554973
17;9;-17.152304540555;7.156102542795;11.507011720418
17;10;-17.113020659194;7.455225537246;11.630355703087
17;11;-17.069821724975;7.688732600991;11.779468705892
17;12;-17.019648467834;7.873092244864;11.956380786949
17;13;-16.958780404861;8.019980436296;12.163521834392
17;14;-16.881623633538;8.139479658283;12.404508296305
17;15;-16.778201306665;8.245355019548;12.683808462116
17;16;-16.628394181378;8.368051203610;13.002833339255
18;1;-18.172440020374;0.297580216115;10.259634804853
18;2;-17.595873062746;1.113829704772;10.413622863081
18;3;-17.244826246643;2.476883244736;10.674316728753
18;4;-17.041929495505;3.909221862791;10.954340973109
18;5;-16.923770511908;5.065125618342;11.188931980375
18;6;-16.849937880868;5.909431055091;11.371436228759
18;7;-16.798748221044;6.520089414555;11.517467718012
18;8;-16.758949038675;6.972645426836;11.643514957346
18;9;-16.724255609682;7.318029987574;11.763220823324
18;10;-16.690469522893;7.586764534698;11.889355298795
18;11;-16.653830028332;7.794919346600;12.037687499366
18;12;-16.612005511081;7.957903801171;12.209962376818
18;13;-16.562419283380;8.086332922267;12.407675123423
18;14;-16.501575875128;8.188827845982;12.632637518250
18;15;-16.423870847353;8.275842308937;12.886714559028
18;16;-16.318939514715;8.368291609392;13.169259998146
18;17;-16.167635161006;8.477108664385;13.490738767516
19;1;-17.684215350058;0.339188389821;10.278153838089
19;2;-17.113737521517;1.253124511557;10.479585931761
19;3;-16.772808577521;2.725661957988;10.808108670733
19;4;-16.580523605450;4.203933238717;11.144543233648
19;5;-16.471059314625;5.348133827191;11.414137008646
19;6;-16.403872504280;6.157778390380;11.616593154701
19;7;-16.357928239095;6.730214521567;11.774213868481
19;8;-16.322606237913;7.147570625518;11.907252442433
19;9;-16.292122457319;7.462282722143;12.031095942031
19;10;-16.262728550033;7.704995376137;12.159031841026
19;11;-16.231199342694;7.891966236758;12.306232214715
19;12;-16.195679917024;8.037648904085;12.474391551551
19;13;-16.154271636270;8.151856130727;12.664544826220
19;14;-16.104602235431;8.242319711612;12.877531702535
19;15;-16.043186986804;8.317690712174;13.113758635983
19;16;-15.964146597487;8.393581700544;13.371349171050
19;17;-15.857908456109;8.475130026568;13.656614556284
19;18;-15.705300943698;8.572504061708;13.980156859609
20;1;-17.196509806227;0.383486108051;10.300268380617
20;2;-16.632350594000;1.397452575988;10.556672318502
20;3;-16.301533659298;2.972500051578;10.959325220459
20;4;-16.119365833825;4.484255107811;11.352908688650
20;5;-16.017841941448;5.609234071204;11.655452697713
20;6;-15.956524095363;6.382649633180;11.875542692577
20;7;-15.915094782696;6.918619470951;12.042843758909
20;8;-15.883547402635;7.303933872618;12.181383202099
20;9;-15.856548121735;7.591573978268;12.308209714658
20;10;-15.830724789294;7.811842084777;12.437116242265
20;11;-15.803268217511;7.980867435233;12.582847602577
20;12;-15.772655302451;8.112205026572;12.747166934036
20;13;-15.737421162053;8.214980690800;12.930911967732
20;14;-15.695853149671;8.296273846848;13.134431044340
20;15;-15.645601957237;8.363607860608;13.357391644203
20;16;-15.582984194240;8.429435333957;13.597385481904
20;17;-15.502782549534;8.496269358419;13.857945635181
20;18;-15.395401792095;8.568838300538;14.145520350643
20;19;-15.241650328270;8.656653714220;14.470818966127
21;1;-16.709345873399;0.430387607192;10.326222284728
21;2;-16.151713105659;1.546018905543;10.645134011461
21;3;-15.830951271211;3.215830576965;11.127187340993
21;4;-15.658392074137;4.749738206657;11.577524074239
21;5;-15.564112383148;5.849810520065;11.910517954774
21;6;-15.507989531725;6.586571753030;12.145919223523
21;7;-15.470468027257;7.088176103888;12.321147587194
21;8;-15.442130238797;7.444430450098;12.463892860791
21;9;-15.418048541097;7.708129768290;12.592738938184
21;10;-15.395170706784;7.908911573433;12.721942109683
21;11;-15.371020316570;8.062564840781;12.865921698079
21;12;-15.344316383786;8.181793120177;13.026564608855
21;13;-15.313888511072;8.275100206240;13.204653469411
21;14;-15.278441344643;8.349022434583;13.400312844398
21;15;-15.236291878168;8.410272216695;13.612882062318
21;16;-15.184943421591;8.469238442791;13.839848865913
21;17;-15.121275670675;8.527260606773;14.083048839673
21;18;-15.040054916968;8.586618571417;14.346149196215
21;19;-14.931666704520;8.651697247871;14.635706630545
21;20;-14.776903577186;8.731436052960;14.962515737329
22;1;-16.222748241684;0.479803872858;10.356245827714
22;2;-15.671828196286;1.698061538074;10.745122733087
22;3;-15.361020069567;3.454386941852;11.310802076058
22;4;-15.197557980031;5.000343968165;11.816582237579
22;5;-15.109884528132;6.071372537194;12.177291524183
22;6;-15.058371887228;6.771861070850;12.425784101593
22;7;-15.024250642233;7.241347380261;12.607376873085
22;8;-14.998663244909;7.571292709472;12.753226471954
22;9;-14.977049262829;7.813766206471;12.883302301163
22;10;-14.956631987284;7.997527385996;13.012266852927
22;11;-14.935207272364;8.137889572010;13.154274661599
22;12;-14.911677495339;8.246752479587;13.311356625502
22;13;-14.885081788237;8.332046037740;13.484314852659
22;14;-14.854404598034;8.399826024783;13.673195880819
22;15;-14.818383552607;8.456161154970;13.877233113814
22;16;-14.775223367403;8.509972853350;14.094032387161
22;17;-14.722912992625;8.562059996639;14.324429645706
22;18;-14.658320487656;8.613615298624;14.570389085608
22;19;-14.576198183667;8.666727647187;14.835685008263
22;20;-14.466915118507;8.725488568360;15.126961312334
22;21;-14.311251507488;8.798333503892;15.455081253567
23;1;-15.736744184724;0.531643104394;10.390555853427
23;2;-15.192701986570;1.852856883557;10.856699810030
23;3;-14.891708172996;3.687171533634;11.509208147851
23;4;-14.736837223831;5.236328320533;12.068414483198
23;5;-14.655188562863;6.275450117995;12.454027498977
23;6;-14.607778306417;6.940597442056;12.713553339449
23;7;-14.576630673163;7.380232079428;12.900143933020
23;8;-14.553416930984;7.686370570270;13.048173736177
23;9;-14.533909001838;7.909970446412;13.178839201504
23;10;-14.515569753787;8.078780971827;13.307146246219
23;11;-14.496421801961;8.207558846202;13.447020465319
23;12;-14.475510596153;8.307449537650;13.600638329363
23;13;-14.452030069010;8.385851727303;13.768858498724
23;14;-14.425161102349;8.448385965393;13.951727297528
23;15;-14.393922445440;8.500580522502;14.148487553471
23;16;-14.356964062434;8.550243276125;14.356961717050
23;17;-14.312914392411;8.597907419707;14.577402537939
23;18;-14.259753853222;8.644269817147;14.810768022187
23;19;-14.194340679796;8.690405839426;15.059125634019
23;20;-14.111415158316;8.738244905204;15.326336471010
23;21;-14.001332048685;8.791624409386;15.619115486766
23;22;-13.844862358241;8.858531761448;15.948381818597
24;1;-15.251363961306;0.585811118699;10.429355674884
24;2;-14.714344155701;2.009723712713;10.979845325573
24;3;-14.422993387299;3.913423255973;11.721411186541
24;4;-14.276219598616;5.458151126481;12.331503481293
24;5;-14.200067848628;6.463530857304;12.739241370241
24;6;-14.156318345014;7.094626641875;13.007931880435
24;7;-14.127783735105;7.506616117928;13.198340976756
24;8;-14.106631882947;7.791203537950;13.347782812554
24;9;-14.088935879364;7.997969240145;13.478523280954
24;10;-14.072368527364;8.153578641093;13.605848930609
24;11;-14.055144014823;8.272188734498;13.743477235256
24;12;-14.036422168670;8.364241232811;13.893722221528
24;13;-14.015514861698;8.436643728008;14.057515387917
24;14;-13.991746093698;8.494619816686;14.234943004314
24;15;-13.964331149127;8.543230716039;14.425314201965
24;16;-13.932218821090;8.589400409406;14.626700437881
24;17;-13.894432456553;8.633519162921;14.839012682143
24;18;-13.849593952131;8.676043469380;15.062619186039
24;19;-13.795676591063;8.717590116534;15.298576400049
24;20;-13.729530193069;8.759138709896;15.549035910588
24;21;-13.645884535951;8.802483306290;15.817930077118
24;22;-13.535081966284;8.851238621351;16.112032388032
24;23;-13.377887109921;8.912990695536;16.442307810534
25;1;-14.766641271155;0.642211730036;10.472834915803
25;2;-14.236768516892;2.168025966692;11.114467018704
25;3;-13.954863304096;4.132585597802;11.946410930074
25;4;-13.815709316456;5.666406748443;12.604484582075
25;5;-13.744576517284;6.637023902418;13.031674781896
25;6;-13.704102970205;7.235575861554;13.307858219926
25;7;-13.677875015641;7.622020952997;13.501077466176
25;8;-13.658524990806;7.887080147201;13.651296997612
25;9;-13.642399223686;8.078783097527;13.781701378596
25;10;-13.627355657626;8.222679494103;13.907798166676
25;11;-13.611772239747;8.332309490518;14.043108513689
25;12;-13.594902082451;8.417460994155;14.190071435767
25;13;-13.576149239906;8.484588699480;14.349696097701
25;14;-13.554945218158;8.538553687676;14.522127986914
25;15;-13.530647790379;8.584007465519;14.706767985872
25;16;-13.502415340814;8.627150684449;14.901936316341
25;17;-13.469528518360;8.668288560941;15.107341789230
25;18;-13.431005440593;8.707750489383;15.323004694130
25;19;-13.385462577288;8.745933416970;15.549386812304
25;20;-13.330867157461;8.783389993770;15.787625087280
25;21;-13.264061702920;8.821020270263;16.039940486126
25;22;-13.179766738148;8.860501811018;16.310324515082
25;23;-13.068313786771;8.905252327823;16.605599300228
25;24;-12.910463715761;8.962495954341;16.936767548020
26;1;-14.282613787640;0.700747118081;10.521169364123
26;2;-13.759993637306;2.327174514942;11.260409003382
26;3;-13.487315392546;4.344276335425;12.183221861510
26;4;-13.355323632541;5.861771670570;12.886140237009
26;5;-13.288777775027;6.797241328361;13.330262460583
26;6;-13.251244160178;7.364874481833;13.612459193980
26;7;-13.227061227793;7.727746004035;13.807632212913
26;8;-13.209294491421;7.975085570099;13.958108299694
26;9;-13.194538499682;8.153268121031;14.087850184775
26;10;-13.180815365865;8.286724882810;14.212531633164
26;11;-13.166644409870;8.388379501240;14.345483955797
26;12;-13.151356108864;8.467414329079;14.489256844073
26;13;-13.134428129584;8.529867206406;14.644935744084
26;14;-13.115374826864;8.580268225938;14.812733036228
26;15;-13.093660425841;8.622906412169;14.992150107078
26;16;-13.068595644523;8.663377764412;15.181741010699
26;17;-13.039636027349;8.701931862223;15.381094185884
26;18;-13.006057901075;8.738823899130;15.590022031768
26;19;-12.966875069375;8.774336245355;15.808633713209
26;20;-12.920699435101;8.808818739327;16.037467741828
26;21;-12.865493023327;8.842771741047;16.277727660222
26;22;-12.798091958809;8.877028197034;16.531692263568
26;23;-12.713208554226;8.913164248944;16.803402583839
26;24;-12.601164891191;8.954421908436;17.099721399147
26;25;-12.442720567907;9.007697178728;17.431682461484
27;1;-13.799323789580;0.761318187307;10.574520863031
27;2;-13.284043534648;2.486627982256;11.417460231295
27;3;-13.020357155199;4.548259575835;12.430888390463
27;4;-12.895091835862;6.044965671991;13.175390479943
27;5;-12.832742832993;6.945390634982;13.634102620397
27;6;-12.797854994357;7.483776113547;13.921013541894
27;7;-12.775492551251;7.824904651652;14.117416765855
27;8;-12.759124199144;8.056139394602;14.267723157057
27;9;-12.745570303131;8.222148232655;14.396545051867
27;10;-12.732999251907;8.346261122275;14.519673140981
27;11;-12.720053445476;8.440797038428;14.650252339110
27;12;-12.706128433136;8.514378564409;14.790928487044
27;13;-12.690761748576;8.572660345867;14.942858689120
27;14;-12.673532996331;8.619870357635;15.106323492608
27;15;-12.653987961910;8.659975108950;15.280924823068
27;16;-12.631551389590;8.698057209185;15.465430064741
27;17;-12.605801841077;8.734326885074;15.659356204260
27;18;-12.576191197282;8.768991677410;15.862389953694
27;19;-12.541992229937;8.802268166579;16.074428263451
27;20;-12.502215134426;8.834401758432;16.295653450814
27;21;-12.455467920731;8.865704390969;16.526667689286
27;22;-12.399708089894;8.896633126466;16.768730184111
27;23;-12.331766106760;8.927963565860;17.024168348603
27;24;-12.246346948783;8.961182681785;17.297064954937
27;25;-12.133764475302;8.999374721199;17.594316835886
27;26;-11.974779432760;9.049136784383;17.926983052871
28;1;-13.316818917717;0.823824917652;10.633037243532
28;2;-12.808948480567;2.645892768959;11.585362578166
28;3;-12.554006400760;4.744420539596;12.688495512104
28;4;-12.435054616231;6.216723611125;13.471281367714
28;5;-12.376550381436;7.082574201114;13.942431134315
28;6;-12.344050143404;7.593379911708;14.232922653276
28;7;-12.323314583083;7.914454343118;14.429947276748
28;8;-12.308187172431;8.131025607838;14.579736827140
28;9;-12.295694025641;8.286040146041;14.707437169513
28;10;-12.284134423656;8.401757094378;14.828912284786
28;11;-12.272258706919;8.489909934942;14.957122502800
28;12;-12.259517819448;8.558604373464;15.094795890494
28;13;-12.245498751001;8.613143009121;15.243155047161
28;14;-12.229833463571;8.657478025944;15.402546497176
28;15;-12.212131590115;8.695287725330;15.572668343844
28;16;-12.191905367086;8.731213516155;15.752479663918
28;17;-12.168822362039;8.765436088924;15.941455966971
28;18;-12.142457973446;8.798129810905;16.139207559709
28;19;-12.112261071384;8.829469716020;16.345501686319
28;20;-12.077501464965;8.859642097909;16.560305123370
28;21;-12.037186293685;8.888862851013;16.783861047533
28;22;-11.989920210931;8.917412965064;17.016824962334
28;23;-11.933656745025;8.945713163715;17.260502984578
28;24;-11.865221311861;8.974489495275;17.517263671859
28;25;-11.779312300729;9.005149895833;17.791225101156
28;26;-11.666236444114;9.040636153011;18.089312546737
28;27;-11.506758032706;9.087272021900;18.422605231256
29;1;-12.835153087836;0.888166705630;10.696852291682
29;2;-12.334745945350;2.804522389829;11.763818432691
29;3;-12.088291681965;4.932743244521;12.955175757476
29;4;-11.975263811867;6.377775408390;13.772972596414
29;5;-11.920286545072;7.209792944926;14.254599297293
29;6;-11.889946701530;7.694650243584;14.547687049675
29;7;-11.870670326903;7.997221618059;14.744822685968
29;8;-11.856649002580;8.200416501755;14.893813975127
29;9;-11.845096610025;8.345472903274;15.020236535551
29;10;-11.834430014433;8.453618041387;15.139989446602
29;11;-11.823494828698;8.536023532550;15.265849485249
29;12;-11.811789644120;8.600318023016;15.400614025168
29;13;-11.798942862660;8.651480688669;15.545564425109
29;14;-11.784629144073;8.693211825135;15.701109211631
29;15;-11.768509038421;8.728931220152;15.867036256284
29;16;-11.750163348759;8.762897389789;16.042475587227
29;17;-11.729325589797;8.795267873244;16.226880049161
29;18;-11.705660560551;8.826192450759;16.419813832972
29;19;-11.678741057862;8.855817672211;16.620964018905
29;20;-11.648013446654;8.884293061365;16.830164582059
29;21;-11.612745037564;8.911780814665;17.047440553184
29;22;-11.571940352667;8.938472939074;17.273086205573
29;23;-11.524201121012;8.964624822878;17.507802073502
29;24;-11.467477350650;8.990626338134;17.752934062361
29;25;-11.398589920458;9.017160317585;18.010885687249
29;26;-11.312231275319;9.045564175645;18.285804870624
29;27;-11.198702020883;9.078650476708;18.584640365437
29;28;-11.038772415334;9.122492221578;18.918486651723
30;1;-12.354387601851;0.954242695048;10.766085736193
30;2;-11.861481726927;2.962116255637;11.952497679324
30;3;-11.623252949937;5.113291080358;13.230113136595
30;4;-11.515782548560;6.528832286435;14.079725044213
30;5;-11.464045284491;7.327952386233;14.570054797777
30;6;-11.435665337637;7.788434367500;14.864887370822
30;7;-11.417702263941;8.073922885269;15.061707600170
30;8;-11.404670878637;8.264891863804;15.209673702032
30;9;-11.393956706226;8.400903332133;15.334698965168
30;10;-11.384082619690;8.502196517442;15.452684440260
30;11;-11.373978803424;8.579407251163;15.576224113548
30;12;-11.363185202537;8.639723851168;15.708172915055
30;13;-11.351365306639;8.687828243133;15.849864200520
30;14;-11.338229091201;8.727190462271;16.001763703027
30;15;-11.323478372872;8.760997628575;16.163741878610
30;16;-11.306748679072;8.793173227262;16.335080693433
30;17;-11.287823390378;8.823856069459;16.515222390185
30;18;-11.266433573801;8.853176842139;16.703704134750
30;19;-11.242241747131;8.881261251925;16.900163355492
30;20;-11.214818542436;8.908233973032;17.104350961779
30;21;-11.183608216560;8.934224245893;17.316156757798
30;22;-11.147875949991;8.959374852016;17.535654795424
30;23;-11.106623999614;8.983858230642;17.763182569952
30;24;-11.058451522456;9.007908356702;17.999478867780
30;25;-11.001305381343;9.031888658977;18.245923472887
30;26;-10.932002350898;9.056444003546;18.504949611413
30;27;-10.845229491661;9.082848558777;18.780730261733
30;28;-10.731282210302;9.113797275300;19.080233041560
30;29;-10.570939230132;9.155132609658;19.414562671964
31;1;-11.874592511220;1.021952096933;10.840843234626
31;2;-11.389211319857;3.118318016750;12.151043978015
31;3;-11.158942485338;5.286190150622;13.512544659488
31;4;-11.056685795582;6.670577735044;14.390888665732
31;5;-11.007929237976;7.437869945225;14.888325431185
31;6;-10.981331774044;7.875478086676;15.184168845906
31;7;-10.964554566419;8.145181704288;15.380318627347
31;8;-10.952412567702;8.324954512280;15.527077739217
31;9;-10.942448473259;8.452728427887;15.650615906748
31;10;-10.933281043970;8.547801212437;15.766807628772
31;11;-10.923915920801;8.620300080384;15.888064886053
31;12;-10.913929224604;8.677006758415;16.017289615723
31;13;-10.903014482699;8.722329775410;16.155860678617
31;14;-10.890911245603;8.759528433392;16.304295950883
31;15;-10.877355252595;8.791579780463;16.462541198778
31;16;-10.862026407851;8.822112073533;16.630013286428
31;17;-10.844746467904;8.851248618037;16.806151725892
31;18;-10.825296632481;8.879104755727;16.990478972876
31;19;-10.803405946522;8.905790169264;17.182602089225
31;20;-10.778735027341;8.931411577478;17.382219591936
31;21;-10.750852686314;8.956076243543;17.589135941622
31;22;-10.719201387675;8.979897095691;17.803288031408
31;23;-10.683044477268;9.003001104202;18.024791453946
31;24;-10.641382232613;9.025544519091;18.254020469273
31;25;-10.592811528455;9.047743245977;18.491746473657
31;26;-10.535276395655;9.069937884187;18.739378110358
31;27;-10.465589872746;9.092739768984;18.999373726844
31;28;-10.378434126960;9.117366155699;19.275926965482
31;29;-10.264100240800;9.146404731053;19.576019741367
31;30;-10.103378023194;9.185485752233;19.910761476135
32;1;-11.395848305259;1.091194498961;10.921216326825
32;2;-10.918001597970;3.272813582120;12.359080249277
32;3;-10.695426181948;5.451615190076;13.801759899601
32;4;-10.598061384229;6.803662011698;14.705890929135
32;5;-10.552051029560;7.540282744824;15.209005063067
32;6;-10.527078633439;7.956439503167;15.505228402241
32;7;-10.511375533847;8.211543224924;15.700413213615
32;8;-10.500035448122;8.381042999891;15.845820859923
32;9;-10.490745238151;8.501295410833;15.967806167993
32;10;-10.482210666632;8.590704182211;16.082192680270
32;11;-10.473505009605;8.658915243839;16.201211337655
32;12;-10.464236255145;8.712334630467;16.327801695490
32;13;-10.454123880591;8.755119168883;16.463382049975
32;14;-10.442932477575;8.790335038025;16.608517401451
32;15;-10.430426022432;8.820769044846;16.763221817620
32;16;-10.416320911326;8.849787679998;16.927031965259
32;17;-10.400468893161;8.877501185560;17.099389825740
32;18;-10.382689769463;8.904012252207;17.279811247286
32;19;-10.362762932827;8.929417781159;17.467885414577
32;20;-10.340415740194;8.953810831687;17.663277875716
32;21;-10.315307209343;8.977282980689;17.865738540172
32;22;-10.287004604892;8.999927490920;18.075117139264
32;23;-10.254948851603;9.021844047488;18.291390540749
32;24;-10.218401699869;9.043146633827;18.514709716811
32;25;-10.176361681576;9.063978005806;18.745480295820
32;26;-10.127423628961;9.084538728559;18.984501477377
32;27;-10.069529003718;9.105149604680;19.233206370781
32;28;-9.999487422431;9.126392277311;19.494074261319
32;29;-9.911976591839;9.149432725545;19.771315194039
32;30;-9.797284108103;9.176760787381;20.071920523352
32;31;-9.636213661180;9.213811487344;20.406997791099
33;1;-10.918248022428;1.161870165659;11.007282310809
33;2;-10.447932909561;3.425328920787;12.576213267140
33;3;-10.232785281574;5.609777835079;14.097098939504
33;4;-10.140011563296;6.928699273324;15.024225812926
33;5;-10.096535105116;7.635855479003;15.531741344275
33;6;-10.073047729910;8.031901077928;15.827803689545
33;7;-10.058320358979;8.273486342749;16.021780213088
33;8;-10.047705743706;8.433542133452;16.165722764983
33;9;-10.039023211649;8.546910033780;16.286108861318
33;10;-10.031057692690;8.631146895631;16.398690325506
33;11;-10.022943341858;8.695444248755;16.515518277196
33;12;-10.014316393539;8.745860686640;16.639561582995
33;13;-10.004918925748;8.786321043802;16.772272392355
33;14;-9.994536940464;8.819714251957;16.914258025778
33;15;-9.982958181475;8.848654343205;17.065594281855
33;16;-9.969929426187;8.876274436906;17.225924332083
33;17;-9.955326185133;8.902673621548;17.394696082917
33;18;-9.938998445902;8.927943956176;17.571424189355
33;19;-9.920764384582;8.952171861906;17.755688221275
33;20;-9.900401881289;8.975439593669;17.947133369249
33;21;-9.877636869985;8.997826922530;18.145474513969
33;22;-9.852127009106;9.019413239830;18.350505105958
33;23;-9.823438236539;9.040280458607;18.562113373519
33;24;-9.791010142241;9.060517437303;18.780310270445
33;25;-9.754103075989;9.080227432424;19.005276974674
33;26;-9.711714016017;9.099541906846;19.237445865634
33;27;-9.662435950927;9.118648372361;19.477639726461
33;28;-9.604207993656;9.137850455451;19.727312130828
33;29;-9.533836606332;9.157703529776;19.988959280912
33;30;-9.445995417346;9.179327459947;20.266803202743
33;31;-9.330969351014;9.205123028425;20.567839129930
33;32;-9.169579006794;9.240346115404;20.903164420096
34;1;-10.441899919087;1.233880332106;11.099103976831
34;2;-9.979101720126;3.575627747929;12.802037241604
34;3;-9.771118693828;5.760917020570;14.397948909484
34;4;-9.682655204892;7.046266668311;15.345443239760
34;5;-9.641520202493;7.725188112952;15.856224673157
34;6;-9.619392922685;8.102380242528;16.151663376847
34;7;-9.605554366016;8.331434049949;16.344231534727
34;8;-9.595598132028;8.482791831677;16.486620818862
34;9;-9.587465470569;8.589843593677;16.605376990586
34;10;-9.580013544888;8.669345428931;16.716162583317
34;11;-9.572431518293;8.730060510358;16.830850387526
34;12;-9.564380801274;8.777725795679;16.952431260672
34;13;-9.555623298052;8.816052027288;17.082386126071
34;14;-9.545963477066;8.847765206376;17.221360120866
34;15;-9.535209287324;8.875322026607;17.369484712344
34;16;-9.523133079557;8.901646528514;17.526497886786
34;17;-9.509629419108;8.926828177838;17.691855767589
34;18;-9.494572223012;8.950949967519;17.865075471750
34;19;-9.477810009251;8.974089544812;18.045732516402
34;20;-9.459159589463;8.996320363539;18.233460107350
34;21;-9.438397565880;9.017712941376;18.427950792916
34;22;-9.415248661567;9.038336342789;18.628961335511
34;23;-9.389369368806;9.058260086793;18.836322270142
34;24;-9.360324476582;9.077556837373;19.049954685076
34;25;-9.327552406291;9.096306571568;19.269898647779
34;26;-9.290312266161;9.114603674528;19.496361090365
34;27;-9.247599638406;9.132570169268;19.729797069047
34;28;-9.198005832287;9.150382499397;19.971049094826
34;29;-9.139467795417;9.168329468095;20.221587367370
34;30;-9.068789060890;9.186943352100;20.483920884696
34;31;-8.980639514788;9.207302806806;20.762278723657
34;32;-8.865302212364;9.231728061085;21.063653199273
34;33;-8.703617991163;9.265311621667;21.399120516460
35;1;-9.966930882920;1.307127495916;11.196729106819
35;2;-9.511623989880;3.723509195335;13.036136231056
35;3;-9.310546085475;5.905291295681;14.703739191075
35;4;-9.226130829011;7.156904910359;15.669138698566
35;5;-9.187162620171;7.808823325855;16.182177874768
35;6;-9.166283708119;8.168338829168;16.476598109614
35;7;-9.153256915193;8.385762402883;16.667594258334
35;8;-9.143899943560;8.529094758058;16.808363060371
35;9;-9.136266450030;8.630339025194;16.925471142027
35;10;-9.129279672839;8.705495091037;17.034476952183
35;11;-9.122178654452;8.762922733276;17.147076706419
35;12;-9.114647357357;8.808060839354;17.266276818508
35;13;-9.106465191014;8.844422319607;17.393582395108
35;14;-9.097452676445;8.874583165609;17.529672222305
35;15;-9.087435093479;8.900856420393;17.674727895406
35;16;-9.076206531766;8.925977979721;17.828571938752
35;17;-9.063677003761;8.950028938572;17.990670192581
35;18;-9.049739627866;8.973084470979;18.160544713555
35;19;-9.034266986635;8.995214761489;18.337770758774
35;20;-9.017106360400;9.016485933006;18.521975212651
35;21;-8.998073404840;9.036961022853;18.712836739054
35;22;-8.976943632519;9.056701080374;18.910088166349
35;23;-8.953440726421;9.075766499326;19.113521976962
35;24;-8.927220168788;9.094218774667;19.323000385333
35;25;-8.897845743807;9.112123026935;19.538472549465
35;26;-8.864754839315;9.129551963399;19.760003343245
35;27;-8.827205451361;9.146592674892;19.987821497860
35;28;-8.784191894443;9.163359369827;20.222401000949
35;29;-8.734303932266;9.180019229108;20.464600381098
35;30;-8.675476496593;9.196848453537;20.715902542709
35;31;-8.604510376753;9.214359314604;20.978824747345
35;32;-8.516072007879;9.233594146759;21.257597237341
35;33;-8.400443376884;9.256801220390;21.559200646303
35;34;-8.238489267614;9.288925805003;21.894675075631
36;1;-9.493490855998;1.381515715371;11.300189604809
36;2;-9.045639550453;3.868805568610;13.278085156855
36;3;-8.851212000348;6.043172885879;15.013935202218
36;4;-8.770600694772;7.261120017836;15.994942674804
36;5;-8.733640530563;7.887253716645;16.509346011081
36;6;-8.713909805526;8.230191603223;16.802411493811
36;7;-8.701626243831;8.436808492634;16.991702599192
36;8;-8.692816238639;8.572723115895;17.130800896621
36;9;-8.685637251929;8.668616413204;17.246252719157
36;10;-8.679073108919;8.739774745147;17.353500035174
36;11;-8.672408227628;8.794178241241;17.464064471609
36;12;-8.665346863478;8.836989243677;17.580962350445
36;13;-8.657683972264;8.871537610820;17.705718830106
36;14;-8.649254128056;8.900260999636;17.839042519174
36;15;-8.639897596005;8.925340979492;17.981160103978
36;16;-8.629427109088;8.949343460006;18.131969599692
36;17;-8.617765325293;8.972342206404;18.290947514912
36;18;-8.604820938926;8.994405590001;18.457622518678
36;19;-8.590485852061;9.015597370558;18.631572213627
36;20;-8.574631519503;9.035977460584;18.812421048892
36;21;-8.557104169801;9.055602706900;18.999839534626
36;22;-8.537718470317;9.074527736658;19.193545061502
36;23;-8.516248995698;9.092805936428;19.393304849230
36;24;-8.492418526820;9.110490672105;19.598941908080
36;25;-8.465881662072;9.127636931853;19.810345505529
36;26;-8.436201297236;9.144303723342;20.027488686713
36;27;-8.402813895327;9.160557872895;20.250457272200
36;28;-8.364976443894;9.176480582138;20.479498125190
36;29;-8.321682091730;9.192179750858;20.715100534754
36;30;-8.271519162218;9.207815042140;20.958135244437
36;31;-8.212420687453;9.223652286793;21.210093567939
36;32;-8.141184857098;9.240186953914;21.473495690547
36;33;-8.052474899874;9.258430216809;21.752565578646
36;34;-7.936572540465;9.280567559133;22.054260443653
36;35;-7.774370693569;9.311414401948;22.389563480560
37;1;-9.021758649521;1.456950926081;11.409500063276
37;2;-8.581317861369;4.011380302847;13.527449087612
37;3;-8.393291386379;6.174843381689;15.328030497375
37;4;-8.316256324280;7.359386044882;16.322509353098
37;5;-8.281159703594;7.960928885506;16.837485635601
37;6;-8.262487110493;8.288314207165;17.128910394586
37;7;-8.250885628799;8.484877794625;17.316389024541
37;8;-8.242576159971;8.613924974898;17.453780808195
37;9;-8.235812181625;8.704878252237;17.567576074330
37;10;-8.229633199704;8.772351099897;17.673089971864
37;11;-8.223365035119;8.823966474052;17.781671715667
37;12;-8.216730278640;8.864629846019;17.896342579260
37;13;-8.209537765634;8.897501471101;18.018644061889
37;14;-8.201634451490;8.924891236910;18.149311097324
37;15;-8.192873653135;8.948860107252;18.288610895602
37;16;-8.183084219921;8.971819851818;18.436508978616
37;17;-8.172199253949;8.993837783936;18.592493088999
37;18;-8.160140208795;9.014976316001;18.756099619830
37;19;-8.146814666410;9.035293625514;18.926910310465
37;20;-8.132113497201;9.054844296555;19.104549866151
37;21;-8.115907194297;9.073679961839;19.288684589838
37;22;-8.098041084153;9.091849977329;19.479022206136
37;23;-8.078328981032;9.109402173464;19.675313194818
37;24;-8.056544644095;9.126383748412;19.877354168301
37;25;-8.032410063263;9.142842407289;20.084994183779
37;26;-8.005579054342;9.158827924143;20.298145484605
37;27;-7.975613717432;9.174394448989;20.516801216349
37;28;-7.941949676353;9.189604190434;20.741064528678
37;29;-7.903842990315;9.204533794091;20.971196825831
37;30;-7.860285719250;9.219286347595;21.207698948370
37;31;-7.809864822704;9.234015810682;21.451449676795
37;32;-7.750511514029;9.248980056263;21.703943693908
37;33;-7.679021481665;9.264661303965;21.967697431182
37;34;-7.590054938917;9.282045371348;22.246918749693
37;35;-7.473894164429;9.303265348360;22.548525289386
37;36;-7.311464985240;9.333026655501;22.883414016945
38;1;-8.551949712560;1.533341295310;11.524655482850
38;2;-8.118865706078;4.151126247888;13.783780307530
38;3;-7.936997084739;6.300591003154;15.645536690074
38;4;-7.863326005613;7.452148764345;16.651503857593
38;5;-7.829961187452;8.030262593347;17.166352646152
38;6;-7.812265569222;8.343050864942;17.455893690088
38;7;-7.801291432777;8.530251290970;17.641473677517
38;8;-7.793441132742;8.652930513424;17.777134241261
38;9;-7.787057095473;8.739314803400;17.889278731655
38;10;-7.781230107951;8.803383278953;17.993086887531
38;11;-7.775323874494;8.852422920607;18.099737829835
38;12;-7.769077614623;8.891100330734;18.212253429098
38;13;-7.762312614559;8.922418416380;18.332188192738
38;14;-7.754886801417;8.948568874239;18.460300189324
38;15;-7.746664935012;8.971501794322;18.596893013185
38;16;-7.737489897359;8.993488712582;18.741992624130
38;17;-7.727303486192;9.014591239969;18.895098288798
38;18;-7.716037700023;9.034866542278;19.055754837503
38;19;-7.703612971995;9.054367913761;19.223549366823
38;20;-7.689935936922;9.073145324097;19.398108707320
38;21;-7.674896582160;9.091245957371;19.579097699544
38;22;-7.658364573011;9.108714765790;19.766218382339
38;23;-7.640184454498;9.125595067985;19.959210285423
38;24;-7.620169296619;9.141929234120;20.157852152323
38;25;-7.598092141201;9.157759521340;20.361965633403
38;26;-7.573674275660;9.173129161361;20.571421841140
38;27;-7.546568812802;9.188083873809;20.786152258728
38;28;-7.516337128494;9.202674121884;21.006166536567
38;29;-7.482414071296;9.216958729202;21.231581564359
38;30;-7.444054829122;9.231011151972;21.462669534754
38;31;-7.400250423798;9.244931277135;21.699938686786
38;32;-7.349586496121;9.258869402778;21.944270923144
38;33;-7.289992481137;9.273078250700;22.197158015631
38;34;-7.218261609852;9.288031011346;22.461103895497
38;35;-7.129051204799;9.304695107315;22.740286931064
38;36;-7.012644925852;9.325163741870;23.041562598357
38;37;-6.850007045360;9.354056330877;23.375699984853
39;1;-8.084326701867;1.610597642999;11.645627738876
39;2;-7.658537670490;4.287964447004;14.046612468082
39;3;-7.482590118632;6.420709477537;15.965970421914
39;4;-7.412085105381;7.539830398051;16.981587035686
39;5;-7.380331777794;8.095640299782;17.495687657021
39;6;-7.363539810725;8.394722258909;17.783138394858
39;7;-7.353143878069;8.573192807866;17.966751036073
39;8;-7.345715763454;8.689958608709;18.100664629843
39;9;-7.339680418297;8.772109954585;18.211168658620
39;10;-7.334175953299;8.833028043345;18.313300328194
39;11;-7.328600825390;8.879683832944;18.418071071340
39;12;-7.322709386731;8.916521552508;18.528499519610
39;13;-7.316334141328;8.946397947285;18.646150190307
39;14;-7.309342790113;8.971395225519;18.771801375289
39;15;-7.301610185488;8.993361347158;18.905789296657
39;16;-7.292991507909;9.014439883651;19.048194068313
39;17;-7.283435848315;9.034687390951;19.198526570524
39;18;-7.272883990472;9.054156398736;19.356340495499
39;19;-7.261266993996;9.072895909523;19.521229108959
39;20;-7.248504419577;9.090951871577;19.692822656870
39;21;-7.234502087971;9.108367639962;19.870786432389
39;22;-7.219149223204;9.125184442612;20.054819559656
39;23;-7.202314770427;9.141441872757;20.244654608678
39;24;-7.183842589935;9.157178436563;20.440058240481
39;25;-7.163545094070;9.172432197512;20.640833212697
39;26;-7.141194684518;9.187241580644;20.846822285830
39;27;-7.116512014443;9.201646438137;21.057914918399
39;28;-7.089149553222;9.215689549343;21.274058231624
39;29;-7.058668003392;9.229418870235;21.495274757710
39;30;-7.024501480210;9.242891146127;21.721691321394
39;31;-6.985904332619;9.256178167664;21.953586699602
39;32;-6.941866565686;9.269378502712;22.191471609790
39;33;-6.890972509363;9.282641262690;22.436224941719
39;34;-6.831149810882;9.296217510561;22.689327354574
39;35;-6.759189217805;9.310576734562;22.953258438821
39;36;-6.669745198945;9.326676794353;23.232148465632
39;37;-6.553103629915;9.346586891269;23.532758812107
39;38;-6.390273717278;9.374870980985;23.865671275650
40;1;-7.619214162416;1.688633972781;11.772360218471
40;2;-7.200650707650;4.421843622521;14.315450835690
40;3;-7.030394079204;6.535498677806;16.288836252262
40;4;-6.962870482415;7.622835634669;17.312396461424
40;5;-6.932618567922;8.157427494984;17.825197501056
40;6;-6.916663833826;8.443634081275;18.110381759622
40;7;-6.906801850349;8.613957091504;18.291972424123
40;8;-6.899762745535;8.725224289893;18.424130177178
40;9;-6.894048144804;8.803448078268;18.533007225541
40;10;-6.888839912475;8.861446137388;18.633492328354
40;11;-6.883568462046;8.905892170861;18.736431664690
40;12;-6.878001959840;8.941023178917;18.844837230993
40;13;-6.871983056633;8.969559978611;18.960280846018
40;14;-6.865388201711;8.993483216419;19.083558360844
40;15;-6.858101197708;9.014546606407;19.215035205825
40;16;-6.849988067749;9.034776637474;19.354840034977
40;17;-6.841004060910;9.054225376171;19.502495283233
40;18;-6.831097333965;9.072941246973;19.657563715772
40;19;-6.820207804246;9.090969470751;19.819645279966
40;20;-6.808265725041;9.108352478879;19.988374509284
40;21;-6.795189903711;9.125130314379;20.163418476713
40;22;-6.780885453946;9.141341033212;20.344475324359
40;23;-6.765240932352;9.157021121733;20.531273434501
40;24;-6.748124649614;9.172205951235;20.723571362237
40;25;-6.729379857419;9.186930298531;20.921158731857
40;26;-6.708818377429;9.201228974683;21.123858426730
40;27;-6.686212029232;9.215137626240;21.331530608415
40;28;-6.661280880783;9.228693812521;21.544079442810
40;29;-6.633676797663;9.241938534958;21.761463994945
40;30;-6.602959838463;9.254918537246;21.983715773140
40;31;-6.568563402821;9.267689994089;22.210967213907
40;32;-6.529741004281;9.280324870044;22.443498647222
40;33;-6.485481616688;9.292922772328;22.681817093517
40;34;-6.434368219980;9.305634816423;22.926790408905
40;35;-6.374326598810;9.318714991015;23.179877063634
40;36;-6.302144897853;9.332636137916;23.443515924543
40;37;-6.212474648728;9.348358277720;23.721762989344
40;38;-6.095604774801;9.367947678382;24.021240139118
40;39;-5.932597143181;9.395953353203;24.352257025194
41;1;-7.157019404796;1.767368176042;11.904759834420
41;2;-6.745604866380;4.552740649568;14.589757300944
41;3;-6.580815679505;6.645267298332;16.613603946079
41;4;-6.516101068414;7.701559329142;17.643521959033
41;5;-6.487249646655;8.215979370148;18.154531110795
41;6;-6.472071819396;8.490086873630;18.437297594596
41;7;-6.462703806981;8.652799252202;18.616822630180
41;8;-6.456023850691;8.758947676651;18.747220660149
41;9;-6.450604908467;8.833522494316;18.854486124142
41;10;-6.445669367605;8.888810348365;18.953354388065
41;11;-6.440677091388;8.931205352085;19.054508775700
41;12;-6.435408892510;8.964751214772;19.160951617059
41;13;-6.429716632640;8.992042212653;19.274259568912
41;14;-6.423484625539;9.014964672438;19.395243591252
41;15;-6.416604650384;9.035185199382;19.524295194273
41;16;-6.408952341119;9.054622902877;19.661586525442
41;17;-6.400488178565;9.073325860234;19.806651402089
41;18;-6.391166548732;9.091338859479;19.959061710926
41;19;-6.380934806373;9.108703788214;20.118424367991
41;20;-6.369732121055;9.125460000673;20.284378756247
41;21;-6.357488046210;9.141644672403;20.456594627606
41;22;-6.344120731232;9.157293153138;20.634770476861
41;23;-6.329534667832;9.172439330542;20.818632421442
41;24;-6.313617820691;9.187116020892;21.007933656924
41;25;-6.296237932373;9.201355408217;21.202454610391
41;26;-6.277237703380;9.215189562128;21.402003992519
41;27;-6.256428413181;9.228651078608;21.606421072996
41;28;-6.233581338481;9.241773911557;21.815579704395
41;29;-6.208415991259;9.254594503735;22.029394953866
41;30;-6.180583651311;9.267153400727;22.247833773566
41;31;-6.149643738120;9.279497677860;22.470932139587
41;32;-6.115028924321;9.291684814007;22.698822864096
41;33;-6.075991855736;9.303789316731;22.931781466626
41;34;-6.031520414178;9.315914953706;23.170303168614
41;35;-5.980196127776;9.328219148247;23.415233959104
41;36;-5.919942755245;9.340965069526;23.667994828573
41;37;-5.847545590046;9.354638586269;23.930960950810
41;38;-5.757652973716;9.370217955818;24.208076975361
41;39;-5.640557691800;9.389795342361;24.505760629776
41;40;-5.477383643142;9.417960154547;24.833928413895
42;1;-6.698263017582;1.846722996986;12.042685383975
42;2;-6.293913611745;4.680662376570;14.868928481249
42;3;-6.134374897253;6.750337971972;16.939678293434
42;4;-6.072308032001;7.776396416350;17.974473635380
42;5;-6.044764361296;8.271652486960;18.483247732658
42;6;-6.030308488147;8.534387869049;18.763464772256
42;7;-6.021398213626;8.689986303103;18.940888597609
42;8;-6.015050433090;8.791365124032;19.069526228676
42;9;-6.009904548423;8.862546246503;19.175196223439
42;10;-6.005220537046;8.915315975734;19.272476342035
42;11;-6.000485455730;8.955805492673;19.371889343023
42;12;-5.995491724139;8.987878084193;19.476425150410
42;13;-5.990099592274;9.014010126196;19.587662995006
42;14;-5.984200471520;9.036000266663;19.706426673619
42;15;-5.977693281755;9.055434491681;19.833130893250
42;16;-5.970462217457;9.074133231707;19.967986722803
42;17;-5.962472229174;9.092141023115;20.110539099875
42;18;-5.953682997947;9.109499438286;20.260368953118
42;19;-5.944048164943;9.126247433832;20.417090278539
42;20;-5.933514388901;9.142421679994;20.580347632827
42;21;-5.922020186473;9.158056879245;20.749814023874
42;22;-5.909494495815;9.173186083011;20.925189193635
42;23;-5.895854883332;9.187841017013;21.106198306813
42;24;-5.881005284622;9.202052428308;21.292591082822
42;25;-5.864833129461;9.215850471124;21.484141441939
42;26;-5.847205640518;9.229265154769;21.680647785622
42;27;-5.827965006319;9.242326886665;21.881934106007
42;28;-5.806921993780;9.255067159035;22.087852238168
42;29;-5.783847355826;9.267519453366;22.298285761973
42;30;-5.758460055460;9.279720480734;22.513156383603
42;31;-5.730410779282;9.291711955777;22.732434181025
42;32;-5.699258282332;9.303543255745;22.956154067507
42;33;-5.664434461774;9.315275631939;23.184442551050
42;34;-5.625191016141;9.326989330872;23.417561953077
42;35;-5.580514611949;9.338796566641;23.655984737673
42;36;-5.528985137845;9.350867050440;23.900520087313
42;37;-5.468524040292;9.363481879414;24.152530132557
42;38;-5.395913332880;9.377153505302;24.414293938557
42;39;-5.305797675214;9.392900921491;24.689592199324
42;40;-5.188474497249;9.412882404061;24.984546572508
42;41;-5.025141372585;9.441804602238;25.308508805450
43;1;-6.243624909846;1.926627371817;12.185931066985
43;2;-5.846249622425;4.805649203788;15.152265166130
43;3;-5.691750585652;6.851055291083;17.266359606091
43;4;-5.632180402560;7.847754611113;18.304640491075
43;5;-5.605859023246;8.324819114321;18.810775539886
43;6;-5.592074884187;8.576865541176;19.088325989411
43;7;-5.583589392105;8.725811502457;19.263618280193
43;8;-5.577549332053;8.822743274938;19.390496304898
43;9;-5.572656062827;8.890765882742;19.494586476618
43;10;-5.568204480163;8.941194388229;19.590305241571
43;11;-5.563706795154;8.979912806122;19.688016893141
43;12;-5.558966104705;9.010615930956;19.790696428933
43;13;-5.553850320049;9.035670225865;19.899923542487
43;14;-5.548257280615;9.056792778144;20.016532736147
43;15;-5.542092324515;9.075494886654;20.140959230193
43;16;-5.535247304761;9.093506152835;20.273448832421
43;17;-5.527691010164;9.110867980286;20.413557263430
43;18;-5.519387647677;9.127619110647;20.560874308383
43;19;-5.510296204061;9.143795938715;20.715021011734
43;20;-5.500369669963;9.159432811937;20.875647238430
43;21;-5.489554092136;9.174562321317;21.042429577750
43;22;-5.477787408751;9.189215591582;21.215069576973
43;23;-5.464998008035;9.203422579723;21.393292304858
43;24;-5.451102929973;9.217212393171;21.576845260912
43;25;-5.436005601962;9.230613642040;21.765497667923
43;26;-5.419592957998;9.243654844699;21.959040215717
43;27;-5.401731730777;9.256364913300;22.157285369495
43;28;-5.382263616821;9.268773757131;22.360068426146
43;29;-5.360998879293;9.280913059484;22.567249613666
43;30;-5.337707743138;9.292817312591;22.778717711817
43;31;-5.312108602545;9.304525244251;22.994395979978
43;32;-5.283851511566;9.316081857370;23.214251707504
43;33;-5.252494496349;9.327541470064;23.438311630247
43;34;-5.217468580776;9.338972481349;23.666687107501
43;35;-5.178024372390;9.350465314957;23.899615902379
43;36;-5.133147113152;9.362146647352;24.137532626129
43;37;-5.081414745222;9.374206926777;24.381188825324
43;38;-5.020745944723;9.386957574654;24.631857720780
43;39;-4.947918764518;9.400956834074;24.891676493579
43;40;-4.857573358437;9.417296225633;25.164187469112
43;41;-4.740012557723;9.438256663196;25.455086460471
43;42;-4.576522561402;9.468769116924;25.772919966824
44;1;-5.794016472733;2.007018262668;12.334204206870
44;2;-5.403516650588;4.927780758614;15.438932137802
44;3;-5.253852137711;6.947797002389;17.592794163615
44;4;-5.196636739515;7.916070184250;18.633238966461
44;5;-5.171458644312;8.375884556214;19.136360064921
44;6;-5.158300175209;8.617887186769;19.411136255662
44;7;-5.150209373039;8.760611813036;19.584269162291
44;8;-5.144454769233;8.853396316366;19.709388105111
44;9;-5.139795547029;8.918478517590;19.811912420797
44;10;-5.135559076990;8.966729931144;19.906093807563
44;11;-5.131280873457;9.003802409186;20.002139911908
44;12;-5.126773874688;9.033233372639;20.103008430689
44;13;-5.121913006676;9.057286796393;20.210277513262
44;14;-5.116601948517;9.077603875715;20.324790337880
44;15;-5.110751827855;9.095626678503;20.447000107982
44;16;-5.104261376039;9.113001109276;20.577183497669
44;17;-5.097102693168;9.129765817213;20.714906606444
44;18;-5.089243874098;9.145957072788;20.859767798391
44;19;-5.080648475913;9.161609056276;21.011395013068
44;20;-5.071274874499;9.176754133944;21.169443399837
44;21;-5.061075483780;9.191423128334;21.333593249457
44;22;-5.049995803242;9.205645589752;21.503548204934
44;23;-5.037973248566;9.219450077288;21.679033742530
44;24;-5.024935705477;9.232864459543;21.859795924441
44;25;-5.010799726358;9.245916247970;22.045600438214
44;26;-4.995468260308;9.258632979844;22.236231956568
44;27;-4.978827765944;9.271042673848;22.431493878137
44;28;-4.960744495933;9.283174390279;22.631208550205
44;29;-4.941059652824;9.295058941484;22.835218137884
44;30;-4.919582980065;9.306729819359;23.043386406296
44;31;-4.896084141714;9.318224440776;23.255601851074
44;32;-4.870280909099;9.329585868700;23.471782898319
44;33;-4.841822622615;9.340865266896;23.691886389211
44;34;-4.810266462819;9.352125532997;23.915921433756
44;35;-4.775042415518;9.363446927085;24.143972264552
44;36;-4.735399765570;9.374936303301;24.376236476292
44;37;-4.690322002341;9.386743324660;24.613089871407
44;38;-4.638384649167;9.399091182289;24.855197252098
44;39;-4.577502916025;9.412339240576;25.103700782938
44;40;-4.504449867571;9.427118771752;25.360531501366
44;41;-4.413859885012;9.444638676368;25.628889126173
44;42;-4.296042021520;9.467381554126;25.913863037459
44;43;-4.132391209048;9.500650075827;26.222864856573
45;1;-5.350698963000;2.087843047858;12.487097542831
45;2;-4.966967567412;5.047183563607;15.727910440808
45;3;-4.821937342633;7.040987780209;17.917917802099
45;4;-4.766942993303;7.981825990234;18.959255050940
45;5;-4.742834855430;8.425306544787;19.459006292807
45;6;-4.730259625259;8.657878545369;19.730905069959
45;7;-4.722535912522;8.794787427100;19.901850481330
45;8;-4.717046402317;8.883705343043;20.025208876453
45;9;-4.712604281182;8.946051043021;20.126178405123
45;10;-4.708567149992;8.992279016944;20.218842628601
45;11;-4.704492137873;9.027823337821;20.313253984324
45;12;-4.700201268819;9.056074483956;20.412350567284
45;13;-4.695575905359;9.079200889974;20.517707031292
45;14;-4.690525045877;9.098773148257;20.630173262620
45;15;-4.684965056693;9.116169151888;20.750218025601
45;16;-4.678800867860;9.132957640218;20.878145223972
45;17;-4.672007447980;9.149174865696;21.013530869240
45;18;-4.664556246724;9.164854971148;21.155981542596
45;19;-4.656414747694;9.180030257428;21.305131816713
45;20;-4.647545931175;9.194731442158;21.460641963598
45;21;-4.637907626160;9.208987915552;21.622195921058
45;22;-4.627451725132;9.222828000037;21.789499496326
45;23;-4.616123227089;9.236279221569;21.962278791517
45;24;-4.603859063516;9.249368602246;22.140278842405
45;25;-4.590586647229;9.262122986410;22.323262470218
45;26;-4.576222063449;9.274569416037;22.511009356842
45;27;-4.560667793490;9.286735576583;22.703315368803
45;28;-4.543809820013;9.298650342124;22.899992177489
45;29;-4.525513902320;9.310344460056;23.100867257078
45;30;-4.505620720545;9.321851432713;23.305784395805
45;31;-4.483939451641;9.333208679591;23.514604944917
45;32;-4.460239129159;9.344459105549;23.727210178325
45;33;-4.434236802872;9.355653269160;23.943505390733
45;34;-4.405580962968;9.366852464344;24.163426806283
45;35;-4.373827757520;9.378133246518;24.386953155624
45;36;-4.338405878822;9.389594360695;24.614125179087
45;37;-4.298562937786;9.401367916962;24.845078796255
45;38;-4.253280181710;9.413638618847;25.080101981445
45;39;-4.201130018840;9.426679372774;25.319732391871
45;40;-4.140023177869;9.440922328882;25.564922658750
45;41;-4.066726251045;9.457109992587;25.817308795980
45;42;-3.975866038701;9.476630992382;26.079604733931
45;43;-3.857759034681;9.502277810493;26.356048698877
45;44;-3.693937780359;9.539920744300;26.652482728296
46;1;-4.915488930936;2.169062292913;12.644060357759
46;2;-4.538409496947;5.164039264156;16.017952210954
46;3;-4.397817388340;7.131112592583;18.240405776354
46;4;-4.344917535599;8.045567964045;19.281394228693
46;5;-4.321810997948;8.473612528673;19.777429197226
46;6;-4.309779737926;8.697341062478;20.046347335305
46;7;-4.302397676008;8.828818816404;20.215074367642
46;8;-4.297154542553;8.914135181268;20.336667179958
46;9;-4.292913978181;8.973936755901;20.436088972298
46;10;-4.289061742308;9.018286595538;20.527251613208
46;11;-4.285175030681;9.052414903152;20.620053294701
46;12;-4.281084266068;9.079575074975;20.717410214554
46;13;-4.276676727128;9.101846557951;20.820891589647
46;14;-4.271866268264;9.120734315980;20.931352070859
46;15;-4.266574008511;9.137556791762;21.049273627265
46;16;-4.260710480386;9.153811593858;21.174983925768
46;17;-4.254253146497;9.169532922493;21.308068362728
46;18;-4.247176362795;9.184753127771;21.448141296135
46;19;-4.239451000816;9.199502961684;21.594843570929
46;20;-4.231043996119;9.213811824711;21.747840297369
46;21;-4.221917806699;9.227708012757;21.906818854323
46;22;-4.212029760714;9.241218970996;22.071487093723
46;23;-4.201331266869;9.254371562342;22.241571726428
46;24;-4.189766852812;9.267192360005;22.416816873878
46;25;-4.177272986092;9.279707976043;22.596982774329
46;26;-4.163776617379;9.291945441337;22.781844637810
46;27;-4.149193365044;9.303932657343;22.971191651075
46;28;-4.133425231140;9.315698947078;23.164826144004
46;29;-4.116357697205;9.327275742937;23.362562944600
46;30;-4.097855987754;9.338697463902;23.564228974786
46;31;-4.077760199329;9.350002656792;23.769663180623
46;32;-4.055878856684;9.361235510000;23.978716960605
46;33;-4.031980246141;9.372447901055;24.191255376427
46;34;-4.005780539225;9.383702225385;24.407159642074
46;35;-3.976927166816;9.395075400238;24.626331762110
46;36;-3.944974965352;9.406664701423;24.848702860274
46;37;-3.909350958965;9.418596595668;25.074247936722
46;38;-3.869300576608;9.431040763147;25.303011900314
46;39;-3.823802123851;9.444233741708;25.535155288158
46;40;-3.771423909423;9.458521711665;25.771033575608
46;41;-3.710070762514;9.474443872992;26.011330568718
46;42;-3.636500766392;9.492906134181;26.257267691716
46;43;-3.545330799124;9.515560655405;26.510882904840
46;44;-3.426887452249;9.545651284278;26.775245144939
46;45;-3.262886802095;9.589858400684;27.054083179709
47;1;-4.491140852615;2.250652099585;12.804381650065
47;2;-4.120586404983;5.278588876950;16.307565498544
47;3;-3.984239498838;7.218721372534;18.558662861929
47;4;-3.933313901111;8.107909893963;19.598075607343
47;5;-3.911144955687;8.521403738282;20.090050083957
47;6;-3.899621152765;8.736855168058;20.355880900360
47;7;-3.892557181677;8.863269359347;20.522354108674
47;8;-3.887543135408;8.945236500674;20.642171650901
47;9;-3.883489797110;9.002677055856;20.740048003850
47;10;-3.879809163189;9.045287510046;20.829719467812
47;11;-3.876097069182;9.078107756521;20.920930419673
47;12;-3.872191708575;9.104263499670;21.016572821592
47;13;-3.867985804986;9.125751424729;21.118208489589
47;14;-3.863397653770;9.144015581106;21.226694893804
47;15;-3.858352695131;9.160319410517;21.342524888069
47;16;-3.852766537397;9.176095012143;21.466046557696
47;17;-3.846618818492;9.191374869703;21.596854102137
47;18;-3.839886420806;9.206189870942;21.734569146135
47;19;-3.832543150152;9.220569548768;21.878838359866
47;20;-3.824559353792;9.234542320562;22.029331302513
47;21;-3.815901464689;9.248135731341;22.185738460849
47;22;-3.806531455711;9.261376707340;22.347769457417
47;23;-3.796406182987;9.274291827782;22.515151405372
47;24;-3.785476591634;9.286907624411;22.687627389101
47;25;-3.773686749036;9.299250920815;22.864955051452
47;26;-3.760972660022;9.311349227032;23.046905270034
47;27;-3.747260803370;9.323231209760;23.233260906767
47;28;-3.732466308374;9.334927265240;23.423815617270
47;29;-3.716490661051;9.346470231460;23.618372710548
47;30;-3.699218787748;9.357896290020;23.816744056455
47;31;-3.680515303124;9.369246127835;24.018749051227
47;32;-3.660219619126;9.380566458192;24.224213675421
47;33;-3.638139474752;9.391912044935;24.432969723119
47;34;-3.614042234025;9.403348442249;24.644854363843
47;35;-3.587642961446;9.414955772894;24.859710351336
47;36;-3.558587729272;9.426834052916;25.077387474725
47;37;-3.526429668905;9.439110898417;25.297746362300
47;38;-3.490593615158;9.451953065114;25.520666674347
47;39;-3.450322116745;9.465584503464;25.746063330364
47;40;-3.404589587164;9.480316234077;25.973917007513
47;41;-3.351958915624;9.496599217674;26.204328628520
47;42;-3.290327161127;9.515124984217;26.437609822582
47;43;-3.216441300116;9.537030609631;26.674413215451
47;44;-3.124905800141;9.564337685683;26.915858343568
47;45;-3.006065067021;9.600910955478;27.163443810701
47;46;-2.841909815701;9.654494656846;27.418097978758
48;1;-4.082128938778;2.332603938291;12.967214969297
48;2;-3.717961536041;5.391122702149;16.595086480491
48;3;-3.585669832256;7.304407255433;18.870922671306
48;4;-3.536603965265;8.169505101097;19.907543247133
48;5;-3.515312497881;8.569322923609;20.395113443364
48;6;-3.504262089915;8.777045529101;20.657746283540
48;7;-3.497494313925;8.898748927326;20.821925608091
48;8;-3.492693326371;8.977608196247;20.939953667922
48;9;-3.488813953586;9.032862888083;21.036282349329
48;10;-3.485292640657;9.073867151937;21.124468180107
48;11;-3.481742542941;9.105483835682;21.214101652502
48;12;-3.478009048024;9.130719930170;21.308048108312
48;13;-3.473989895854;9.151495298339;21.407859976011
48;14;-3.469607448973;9.169197560194;21.514395598354
48;15;-3.464791083456;9.185039364724;21.628156427832
48;16;-3.459461015658;9.200392564119;21.749507732191
48;17;-3.453598786224;9.215288250946;21.878051893788
48;18;-3.447183480581;9.229756173700;22.013417244567
48;19;-3.440191454488;9.243824971355;22.155255771779
48;20;-3.432596008923;9.257522409735;22.303241020275
48;21;-3.424367004036;9.270875625431;22.457066162848
48;22;-3.415470399234;9.283911383957;22.616442212038
48;23;-3.405867702998;9.296656360131;22.781096348047
48;24;-3.395515311514;9.309137450528;22.950770337916
48;25;-3.384363709140;9.321382130398;23.125219020838
48;26;-3.372356495714;9.333418870928;23.304208833410
48;27;-3.359429194751;9.345277637537;23.487516346635
48;28;-3.345507781608;9.356990496542;23.674926783609
48;29;-3.330506849898;9.368592366802;23.866232483043
48;30;-3.314327305069;9.380121965925;24.061231269267
48;31;-3.296853432081;9.391623019143;24.259724684812
48;32;-3.277949122961;9.403145825605;24.461516038320
48;33;-3.257452959203;9.414749315912;24.666408221405
48;34;-3.235171706482;9.426503793252;24.874201259030
48;35;-3.210871565749;9.438494640407;25.084689590550
48;36;-3.184266185015;9.450827417729;25.297659154859
48;37;-3.154999878726;9.463635013553;25.512884513511
48;38;-3.122623555364;9.477087919881;25.730126560625
48;39;-3.086559183149;9.491409465513;25.949131946297
48;40;-3.046045535027;9.506899332351;26.169636302669
48;41;-3.000051929932;9.523971805009;26.391374668274
48;42;-2.947134188943;9.543222086127;26.614103261427
48;43;-2.885179303809;9.565549682754;26.837632936064
48;44;-2.810920187293;9.592403758420;27.061852629558
48;45;-2.718948383994;9.626294314564;27.286641636727
48;46;-2.599658985224;9.671863707152;27.511334706197
48;47;-2.435625428779;9.737958738936;27.732783829200
49;1;-3.696461518633;2.414917982268;13.131694563520
49;2;-3.338533739751;5.501938151720;16.878929070870
49;3;-3.210111007312;7.388729698066;19.175560901410
49;4;-3.162796057231;8.230951274669;20.208204166579
49;5;-3.142325691795;8.617949660572;20.691035697712
49;6;-3.131716933216;8.818470924755;20.950360916002
49;7;-3.125225016967;8.935800319809;21.112204943504
49;8;-3.120622236007;9.011781407986;21.228427229815
49;9;-3.116904562653;9.065016898200;21.323203552891
49;10;-3.113531227621;9.104542044143;21.409906402960
49;11;-3.110131485327;9.135055506829;21.497972033924
49;12;-3.106557387871;9.159454103829;21.590236820161
49;13;-3.102711301236;9.179586511762;21.688241855279
49;14;-3.098519318015;9.196788164809;21.792844459207
49;15;-3.093914405441;9.212224878200;21.904552480672
49;16;-3.088820971401;9.227213162720;22.023745293819
49;17;-3.083222225477;9.241783022793;22.150032842380
49;18;-3.077099179933;9.255963369188;22.283049599463
49;19;-3.070430413759;9.269782250536;22.422452350077
49;20;-3.063191794292;9.283267090294;22.567918145794
49;21;-3.055356148112;9.296444935022;22.719142403031
49;22;-3.046892870860;9.309342720845;22.875837117559
49;23;-3.037767462921;9.321987566392;23.037729168034
49;24;-3.027940974451;9.334407102432;23.204558680718
49;25;-3.017369338638;9.346629851044;23.376077425774
49;26;-3.006002566035;9.358685670749;23.552047212482
49;27;-2.993783764683;9.370606288811;23.732238246201
49;28;-2.980647939721;9.382425948587;23.916427403433
49;29;-2.966520511133;9.394182208808;24.104396372538
49;30;-2.951315467266;9.405916944271;24.295929595999
49;31;-2.934933042254;9.417677614916;24.490811934911
49;32;-2.917256763188;9.429518895039;24.688825957077
49;33;-2.898149651282;9.441504789852;24.889748726234
49;34;-2.877449269965;9.453711418136;25.093347941814
49;35;-2.854961174458;9.466230716290;25.299377247854
49;36;-2.830450102761;9.479175435458;25.507570500896
49;37;-2.803627906384;9.492685986260;25.717634769735
49;38;-2.774136658665;9.506939984575;25.929241852273
49;39;-2.741524427226;9.522165865762;26.142018159075
49;40;-2.705209516830;9.538662872053;26.355532930032
49;41;-2.664425881515;9.556831539011;26.569284776348
49;42;-2.618136342078;9.577222560681;26.782685750438
49;43;-2.564887682589;9.600619986319;26.995037832116
49;44;-2.502554057660;9.628192229989;27.205480062773
49;45;-2.427852223533;9.661780295804;27.412829563016
49;46;-2.335380488208;9.704449177027;27.615076002464
49;47;-2.215818843109;9.761400294440;27.807834313464
49;48;-2.054302970542;9.840252881413;27.979821102589
50;1;-3.701277925862;2.497585423379;13.297186271858
50;2;-3.349438041205;5.611249012041;17.158077225559
50;3;-3.224704754991;7.472059506354;19.471690152637
50;4;-3.179038544529;8.292603399104;20.499260240372
50;5;-3.159336935657;8.667597398702;20.977052669952
50;6;-3.149140509478;8.861412562904;21.232974482910
50;7;-3.142905730282;8.974682166981;21.392448435858
50;8;-3.138487508885;9.047998665210;21.506852328037
50;9;-3.134920281132;9.099369687684;21.600073860104
50;10;-3.131684530437;9.137533658832;21.685297822823
50;11;-3.128424490403;9.167037134206;21.771806070458
50;12;-3.124998394750;9.190674702738;21.862403909602
50;13;-3.121312882282;9.210229082917;21.958619342140
50;14;-3.117297473111;9.226987445667;22.061306947317
50;15;-3.112888418535;9.242072411788;22.170978974496
50;16;-3.108013948548;9.256749627660;22.288026128163
50;17;-3.102658741475;9.271048264449;22.412065355997
50;18;-3.096805500807;9.284996645393;22.542736773427
50;19;-3.090434751235;9.298622476654;22.679701515951
50;20;-3.083524598904;9.311953087068;22.822639741521
50;21;-3.076050449149;9.325015682819;22.971248754647
50;22;-3.067984673331;9.337837624080;23.125241224269
50;23;-3.059296214294;9.350446732225;23.284343466979
50;24;-3.049950117265;9.362871638164;23.448293765534
50;25;-3.039906969514;9.375142185065;23.616840689840
50;26;-3.029122227450;9.387289902325;23.789741383170
50;27;-3.017545403748;9.399348572480;23.966759770118
50;28;-3.005119078875;9.411354919274;24.147664634053
50;29;-2.991777690313;9.423349453962;24.332227499940
50;30;-2.977446037535;9.435377528973;24.520220242473
50;31;-2.962037419662;9.447490664662;24.711412318203
50;32;-2.945451292938;9.459748237930;24.905567492365
50;33;-2.927570292549;9.472219653705;25.102439894347
50;34;-2.908256401294;9.484987166128;25.301769188025
50;35;-2.887345955611;9.498149582216;25.503274581776
50;36;-2.864643040194;9.511827177777;25.706647324685
50;37;-2.839910606416;9.526168301559;25.911541236105
50;38;-2.812858305886;9.541358371831;26.117560685872
50;39;-2.783125465859;9.557632342107;26.324245253682
50;40;-2.750256673310;9.575292354876;26.531049948738
50;41;-2.713665735015;9.594733475313;26.737319027869
50;42;-2.672580632289;9.616482643556;26.942249024106
50;43;-2.625955984564;9.641260326578;27.144829266412
50;44;-2.572327449507;9.670082036836;27.343726393028
50;45;-2.509561145220;9.704425228123;27.537017820171
50;46;-2.434446670571;9.746462415210;27.721517998663
50;47;-2.342434643707;9.799089726803;27.891064018283
50;48;-2.231447905144;9.863760241168;28.032450501255
50;49;-2.144420617661;9.925152746124;28.119310057978
